Sample	Chromosome	Start.bp	End.bp	modal_A2f	N.modal_A2modal_A1F	sd.modal_A2modal_A1F	depth.ratio	N.ratio	sd.ratio	CNt	modal_A1	modal_A2	LPP	LOH	length
NET-002-T_2	chr1	721757	1570182	0.426515047384461	147	0.0777001906992717	1.03505862034999	3349	0.312613534135583	2	1	1	-6.76083623749531	0	848425
NET-002-T_2	chr1	1575836	1599888	0.249787477363533	10	0.0529867908067662	1.11928622846346	176	0.423325477924186	5	4	1	-6.87255187141749	0	24052
NET-002-T_2	chr1	1635004	12640650	0.437084954876816	445	0.0693876913851492	1.01693855869281	15758	0.295912907671968	2	1	1	-6.83325539094835	0	11005646
NET-002-T_2	chr1	12907136	14068726	0.32713156110393	41	0.139104680708889	1.03831824992975	485	0.461866632958626	2	1	1	-6.95177006355496	0	1161590
NET-002-T_2	chr1	14507057	16863213	0.416271758785924	152	0.0822001715521731	1.0123212774959	3804	0.289184223096876	2	1	1	-6.73738981780871	0	2356156
NET-002-T_2	chr1	16863304	17319144	0.346764767119246	190	0.0923151654930303	1.11686343350524	1246	0.483398592155916	3	2	1	-6.79516855940405	0	455840
NET-002-T_2	chr1	17413121	121116678	0.432922154905203	2341	0.0743934516293862	0.995923659861224	100806	0.285209680045972	2	1	1	-6.79403481855878	0	103703557
NET-002-T_2	chr1	121354299	121485416	0.367596462533563	39	0.105335598892597	1.25966095889396	94	0.532247018388876	3	2	1	-6.74721548481705	0	131117
NET-002-T_2	chr1	142538277	144014068	0.328576489678772	78	0.100330937583066	1.16694717597277	292	0.666121141380542	3	2	1	-6.83457851331362	0	1475791
NET-002-T_2	chr1	144044056	145075854	0.414404089378687	119	0.0719840728003915	1.03124267759715	831	0.401176240803071	2	1	1	-6.73749214526178	0	1031798
NET-002-T_2	chr1	145075923	145285310	0.282698843041575	34	0.0726465879306655	1.18250241787272	292	0.435655452769445	4	3	1	-6.85034302241169	0	209387
NET-002-T_2	chr1	145290250	148003856	0.429114159208491	83	0.0673665112724611	0.971781589419829	2784	0.301148407539611	2	1	1	-6.78736616103117	0	2713606
NET-002-T_2	chr1	148010726	149726032	0.318931398111199	40	0.0895275025785301	0.98347656532	523	0.384128278972268	2	1	1	-7.31897802686802	0	1715306
NET-002-T_2	chr1	149726118	249212878	0.434292672605369	2708	0.0763027964975992	0.997330106173467	106006	0.286856425724143	2	1	1	-6.79019070256115	0	99486760
NET-002-T_2	chr2	668685	89459133	0.436918237295135	1334	0.0673788142920067	0.995198821637704	60826	0.278595780548689	2	1	1	-6.83154443128634	0	88790448
NET-002-T_2	chr2	89853161	91955375	0.338112584102791	148	0.117206670317146	1.16470509336729	793	0.690272519950321	3	2	1	-6.83135367303056	0	2102214
NET-002-T_2	chr2	92030431	92048877	0.435350523312112	18	0.0651369597802336	1.05355570366363	35	0.458895962285223	2	1	1	-6.81101183361194	0	18446
NET-002-T_2	chr2	92048948	92325258	0.29526630335347	197	0.128056843286098	1.10381819833799	460	0.59691328644179	4	3	1	-6.85337054989581	0	276310
NET-002-T_2	chr2	95528056	96611088	0.339090004204915	70	0.103825005066307	0.999947611070501	1232	0.34500440915497	2	1	1	-7.01327078370663	0	1083032
NET-002-T_2	chr2	96616348	132590911	0.427294379518437	776	0.0795579624953303	1.00180114536392	25572	0.299299568743167	2	1	1	-6.75666804249156	0	35974563
NET-002-T_2	chr2	132593294	133023033	0.30459164120057	150	0.110817096218578	1.15316457594812	393	0.673579746521082	3	2	1	-6.86789871334642	0	429739
NET-002-T_2	chr2	133024019	133029319	0.310017313796468	59	0.114569149450646	0.502568159848845	148	0.433938114199851	7	5	2	-6.79135610300451	0	5300
NET-002-T_2	chr2	133029339	133030078	0.339497730547318	12	0.187249691507615	1.15058893782743	29	0.831998285925669	6	4	2	-6.73372082197008	0	739
NET-002-T_2	chr2	133030310	133034811	0.319490734508325	14	0.129858185539643	1.02005011986281	128	0.302741668184311	3	2	1	-6.77629264575186	0	4501
NET-002-T_2	chr2	133036005	179262432	0.433467225021842	603	0.0792532450959186	0.985911563029963	27048	0.274291290507959	2	1	1	-6.85111697523756	0	46226427
NET-002-T_2	chr2	179263287	179315757	0.237586990920297	9	0.0912085522305886	0.996145968478504	111	0.339967352819063	5	4	1	-6.90644844159733	0	52470
NET-002-T_2	chr2	179318222	243005204	0.436385767382547	1494	0.0722749804514457	0.998236756498088	58529	0.277178468978086	2	1	1	-6.80356861342231	0	63686982
NET-002-T_2	chr3	361508	70175261	0.434157868064842	1336	0.0710393244760562	1.006369489546	63876	0.287809889261961	2	1	1	-6.81252947725459	0	69813753
NET-002-T_2	chr3	70175372	75707806	0.367182847113985	153	0.106674383750771	1.01327366709053	1879	0.415793225427009	2	1	1	-6.83924518009162	0	5532434
NET-002-T_2	chr3	75707817	89530057	0.326924532487633	510	0.102902557864788	1.15433225017619	3003	0.47091532788743	2	1	1	-7.80085537404157	0	13822240
NET-002-T_2	chr3	93592569	195346477	0.434873883814731	1890	0.0739417629465633	0.99095333464601	71213	0.282774243816209	2	1	1	-6.85361678150863	0	101753908
NET-002-T_2	chr3	195346906	195474312	0.296790419110638	64	0.115198809130129	1.21554737336077	276	0.569870873893136	4	3	1	-6.78528220368189	0	127406
NET-002-T_2	chr3	195475989	197846933	0.409044488530416	180	0.0846854581120186	1.00734814346783	4341	0.314407761704753	2	1	1	-6.7344071332118	0	2370944
NET-002-T_2	chr4	47622	85634	0.301476284437891	15	0.0975827853670923	1.06178406855036	118	0.443799937193803	4	3	1	-6.80011139069195	0	38012
NET-002-T_2	chr4	217740	49063872	0.426732511293477	921	0.0731877047334876	1.00207076870251	30031	0.298161365815926	2	1	1	-6.75952555657378	0	48846132
NET-002-T_2	chr4	49094867	49637540	0.315915856151215	181	0.110125955009938	1.2565638957684	451	0.648862421002715	3	2	1	-6.81027708181497	0	542673
NET-002-T_2	chr4	52714244	80247188	0.435521350256896	485	0.0649492889134053	0.981790615431661	16815	0.274331500052845	2	1	1	-6.8856671801944	0	27532944
NET-002-T_2	chr4	80247342	80274610	0.278698235217535	9	0.181638224073141	0.273201289346487	21	0.284844443763359	0	0	0	-7.05914855096593	1	27268
NET-002-T_2	chr4	80976420	103173749	0.43292140702756	427	0.077036652233155	0.981188917138131	12304	0.283918264997712	2	1	1	-6.83706483730374	0	22197329
NET-002-T_2	chr4	103174015	103810462	0.282773621053232	10	0.189592662774111	1.00746756715379	678	0.374281477121196	2	1	1	-6.99868788631566	0	636447
NET-002-T_2	chr4	104000498	154556427	0.433659876666619	548	0.0810305627795971	0.987068884219504	23621	0.274116139945321	2	1	1	-6.84425179669756	0	50555929
NET-002-T_2	chr4	154557394	161582189	0.341204740886965	130	0.0853626467196228	1.35425359416155	4157	0.406219579462058	3	2	1	-6.77303814940306	0	7024795
NET-002-T_2	chr4	162307060	189661346	0.439714830273096	300	0.0658574470605514	0.995733012052355	10984	0.279123914731312	2	1	1	-6.84326132794516	0	27354286
NET-002-T_2	chr4	189663354	191044220	0.324922965938683	78	0.13161852983504	1.03613733652549	350	0.453376032137318	2	1	1	-6.98839725496576	0	1380866
NET-002-T_2	chr5	163266	678062	0.411807541494428	23	0.0541377981245151	1.02042976236702	1258	0.309534450383007	2	1	1	-6.73434902495065	0	514796
NET-002-T_2	chr5	710802	1065051	0.294182933094883	31	0.0874996651299276	1.03809368086524	835	0.330710245701731	3	2	1	-7.16380319658782	0	354249
NET-002-T_2	chr5	1094389	44303769	0.43431958163622	491	0.0839582962114077	0.999538680106113	19797	0.288703120288033	2	1	1	-6.77619573362913	0	43209380
NET-002-T_2	chr5	49440702	97912225	0.435492484150906	697	0.0762919648529237	0.986285527268606	27669	0.276313309790905	2	1	1	-6.86242498032023	0	48471523
NET-002-T_2	chr5	97912247	97913539	0.250469210816562	22	0.100687119851032	1.36821017904132	52	0.58409092810333	16	12	4	-6.74185384235775	0	1292
NET-002-T_2	chr5	99871696	180710455	0.435176419601365	1541	0.072577654486709	1.00026343350699	62649	0.287342911285806	2	1	1	-6.7950109208683	0	80838759
NET-002-T_2	chr6	203878	27835026	0.436498318989298	548	0.0737867630107308	0.987208242993726	17460	0.288145717745995	2	1	1	-6.83276643672691	0	27631148
NET-002-T_2	chr6	27980381	29911912	0.303890626377163	12	0.122089727312135	1.01540645287839	2986	0.275188548698542	2	1	1	-7.17164435620216	0	1931531
NET-002-T_2	chr6	29911970	30940713	0.45732891774523	61	0.0371387076586865	0.998146494312607	3280	0.301250136729984	2	1	1	-7.52341082281002	0	1028743
NET-002-T_2	chr6	30945947	30955211	0.274133101975723	14	0.118386055943081	1.12564015698752	53	0.446262147407775	4	3	1	-6.73976282691421	0	9264
NET-002-T_2	chr6	30955681	31238522	0.449206217889797	71	0.0668709408967641	1.03981945872841	746	0.350322540061754	2	1	1	-6.91784226241344	0	282841
NET-002-T_2	chr6	31238728	31238995	0.199355777418382	9	0.171555465601588	1.68771280454896	15	0.892347839503557	11	9	2	-6.73345322427185	0	267
NET-002-T_2	chr6	31239050	32441193	0.426426623477048	282	0.0792970211700417	1.01378409852019	6018	0.307650438677911	2	1	1	-6.75497936650843	0	1202143
NET-002-T_2	chr6	32441198	32498208	0.30611182911152	59	0.145064557667583	1.63498632365819	116	0.663080109853974	4	3	1	-6.75644955961524	0	57010
NET-002-T_2	chr6	32498235	32525928	0.40950266547177	37	0.0659783384236155	1.26281113269262	72	0.522900258706721	2	1	1	-6.73702421680978	0	27693
NET-002-T_2	chr6	32546652	32627714	0.294858830161315	136	0.10057009148178	1.76619440073736	253	0.832786777570144	4	3	1	-6.75018436890494	0	81062
NET-002-T_2	chr6	32627795	33053942	0.397988822307625	254	0.0859070118783291	1.1214072884252	1370	0.472524658933408	2	1	1	-6.76335352386867	0	426147
NET-002-T_2	chr6	33053971	33054619	0.25994422335912	25	0.0824530775653644	1.96048518607803	38	0.894575543238499	12	9	3	-6.73346304716464	0	648
NET-002-T_2	chr6	33054656	57247022	0.435067868068185	642	0.0821697756842681	1.00284706291944	29080	0.282493469941723	2	1	1	-6.78248804188665	0	24192366
NET-002-T_2	chr6	57247093	58779409	0.348828991941703	127	0.0808496006035916	1.28456747163155	357	0.576808438965672	3	2	1	-6.75522615510082	0	1532316
NET-002-T_2	chr6	62442604	170891863	0.435048428898213	1521	0.0721263753987892	0.98887402554742	61113	0.282229870262948	2	1	1	-6.89561868484947	0	108449259
NET-002-T_2	chr7	296739	57882718	0.435298811610127	1237	0.0753822576416006	0.998645682112587	39398	0.293658672896758	2	1	1	-6.79182157193411	0	57585979
NET-002-T_2	chr7	57882725	57994249	0.168593798350624	11	0.152036359287687	0.958258783703756	25	0.917484844561478	1	1	0	-6.7504636853657	1	111524
NET-002-T_2	chr7	61083494	63563211	0.3322728122974	26	0.105451009405389	1.00412393376773	597	0.410015330918695	2	1	1	-7.0558928445963	0	2479717
NET-002-T_2	chr7	63563225	100366284	0.431590689249865	586	0.0807273030954714	0.990903313411421	27852	0.28803836792495	2	1	1	-6.79124937271151	0	36803059
NET-002-T_2	chr7	100488407	100647040	0.325116238429246	181	0.10506191135671	1.37930816410993	554	0.636570533223525	3	2	1	-6.77584066916319	0	158633
NET-002-T_2	chr7	100647073	141957943	0.437375877456502	689	0.0610383958854469	0.99129323174921	31702	0.281100087991625	2	1	1	-6.86096617251377	0	41310870
NET-002-T_2	chr7	142032552	142124629	0.223108684996972	10	0.169439894292276	1.09690918909553	98	0.593391062966276	5	4	1	-6.8085094182	0	92077
NET-002-T_2	chr7	142124637	142495308	0.350430475505916	155	0.0884511301783546	1.30010749975656	716	0.623144998175092	3	2	1	-6.73678192791291	0	370671
NET-002-T_2	chr7	142498687	158930751	0.436975842844831	377	0.0652402855065999	1.00609511128509	14373	0.28132903521466	2	1	1	-6.82610951590177	0	16432064
NET-002-T_2	chr8	182934	42882769	0.436978300959968	845	0.0728484514507229	0.993402889680208	30807	0.289957601334415	2	1	1	-6.81753652169733	0	42699835
NET-002-T_2	chr8	43092904	43827047	0.31282336676835	52	0.130626613740059	0.959457017252097	203	0.527302788441278	3	2	1	-7.00805962760323	0	734143
NET-002-T_2	chr8	46843735	146203412	0.436250729042069	1374	0.0737226240949494	0.998673508505057	53915	0.27863964086335	2	1	1	-6.80000215114791	0	99359677
NET-002-T_2	chr9	14764	33344252	0.169125952353581	384	0.0811344966320349	0.592207322217642	14722	0.19558638794342	1	1	0	-6.82144795279385	1	33329488
NET-002-T_2	chr9	33386167	33799329	0.342408267199319	78	0.116547836109891	0.713595686559209	742	0.393142316923717	2	1	1	-7.1154419960616	0	413162
NET-002-T_2	chr9	34087246	37745413	0.172669950258887	107	0.0798395234044088	0.596982845633608	7123	0.189129731607476	1	1	0	-6.73753246416738	1	3658167
NET-002-T_2	chr9	37778498	45729182	0.381685933436171	100	0.120409696243679	1.00719614837239	1357	0.326558709740548	2	1	1	-6.77246833191705	0	7950684
NET-002-T_2	chr9	65973404	69846587	0.314869071401665	382	0.115978247780813	1.16349010384812	1011	0.648963001647113	3	2	1	-6.98131330583513	0	3873183
NET-002-T_2	chr9	69847032	139906513	0.43920707463544	1747	0.0720665148985883	1.00476151231328	67081	0.283838503254587	2	1	1	-6.83071921255202	0	70059481
NET-002-T_2	chr9	139942812	139998169	0.309224318576926	31	0.104774791764276	1.10835824440326	385	0.330736210663986	3	2	1	-6.85372393358951	0	55357
NET-002-T_2	chr9	140051041	141069289	0.433266959499392	54	0.0801062187929762	1.0120318932902	2811	0.279379590028004	2	1	1	-6.77718351416903	0	1018248
NET-002-T_2	chr10	95229	38978223	0.427493206812967	675	0.0807195724521296	0.991297430081001	23011	0.286074570403171	2	1	1	-6.77750665681713	0	38882994
NET-002-T_2	chr10	39079289	39138198	0.301312605274174	31	0.102294798530774	2.17403482691657	52	1.05140822520712	7	5	2	-6.7364999114076	0	58909
NET-002-T_2	chr10	42356185	42776417	0.321771874278714	223	0.130896067284907	1.36900512481389	514	0.623263764096529	3	2	1	-6.76788366510245	0	420232
NET-002-T_2	chr10	42907201	74127853	0.425957564297157	585	0.0851751938759003	0.993793740063181	19417	0.285517406570156	2	1	1	-6.75860261173619	0	31220652
NET-002-T_2	chr10	74767575	78734472	0.234488073908909	14	0.184961014603286	0.983729426334408	3842	0.279918903562032	2	2	0	-7.04110910100302	1	3966897
NET-002-T_2	chr10	78771851	127541603	0.431849280849611	1092	0.0785889111072942	0.998757321459237	43282	0.297215943220833	2	1	1	-6.77258572129377	0	48769752
NET-002-T_2	chr10	127576287	127588032	0.28045896075411	25	0.11216233770745	1.46991810691308	44	0.773315366064273	4	3	1	-6.73383995286836	0	11745
NET-002-T_2	chr10	127705700	135438977	0.431335005850179	255	0.0698954253164008	1.02117722907257	5475	0.333782846839628	2	1	1	-6.79807157391522	0	7733277
NET-002-T_2	chr10	135439196	135500836	0.288965411214668	45	0.115811541442609	1.29193925000691	94	0.767236006433226	4	3	1	-6.74546228006751	0	61640
NET-002-T_2	chr11	193096	1016665	0.437260119799644	178	0.075071956425343	1.0442092450438	3738	0.324183303301747	2	1	1	-6.81038296872724	0	823569
NET-002-T_2	chr11	1016704	1213047	0.316637735886237	81	0.0978915893813403	1.13713168774939	807	0.388910149535952	3	2	1	-6.84936315492868	0	196343
NET-002-T_2	chr11	1213125	45230862	0.437772337104562	1227	0.0677885159349564	1.00535272659268	35928	0.29199775203618	2	1	1	-6.82907333460449	0	44017737
NET-002-T_2	chr11	47640337	51591346	0.326233270784107	182	0.0902547822440921	1.06122380117797	2655	0.364685529644257	2	1	1	-7.29057800034859	0	3951009
NET-002-T_2	chr11	56099349	56469047	0.334450664367702	40	0.0992226194228322	1.03343049542127	488	0.340522252546855	3	2	1	-6.92584522425413	0	369698
NET-002-T_2	chr11	57995330	134245284	0.437233536429543	2197	0.0707732855646349	1.00277742354703	85223	0.284913639960134	2	1	1	-6.81424372551689	0	76249954
NET-002-T_2	chr12	248071	7655278	0.442843279261975	395	0.0602396221762153	1.0184528754091	12146	0.296506750229068	2	1	1	-6.90575644572809	0	7407207
NET-002-T_2	chr12	7842932	11081826	0.402034953238412	221	0.0928171251255798	0.986473991427448	5696	0.304589133580824	2	1	1	-6.74345961876946	0	3238894
NET-002-T_2	chr12	11174168	11548625	0.295779021910081	58	0.0902115229600584	1.10514975658578	467	0.422525432969323	3	2	1	-7.03684050259584	0	374457
NET-002-T_2	chr12	12044195	34320002	0.440020452633901	498	0.0663664136182218	0.989216904438913	15601	0.291275883066174	2	1	1	-6.85853551892595	0	22275807
NET-002-T_2	chr12	38008641	42477570	0.446581967901268	88	0.081086534784155	0.98432775027774	2849	0.266112189233225	2	1	1	-6.85126869090555	0	4468929
NET-002-T_2	chr12	42478001	42854208	0.328614476153357	20	0.133149490581471	1.00422697427401	568	0.274674921212685	2	1	1	-6.95824868081636	0	376207
NET-002-T_2	chr12	42859961	58217356	0.438288695715377	768	0.0634087372816799	1.00735189262092	31899	0.292976917826609	2	1	1	-6.8421921840563	0	15357395
NET-002-T_2	chr12	58217412	62988915	0.34797907769374	31	0.124664176848232	1.00718608242626	1376	0.288294888372537	2	1	1	-6.88776557038978	0	4771503
NET-002-T_2	chr12	63328557	123110885	0.435469016851247	1090	0.0771385936402135	0.996931308529458	51422	0.284892802341172	2	1	1	-6.79346447689287	0	59782328
NET-002-T_2	chr12	123185759	123199842	0.255726378372887	9	0.0842349557949535	1.12183229728463	69	0.498369952920945	8	6	2	-6.78168369064678	0	14083
NET-002-T_2	chr12	123200099	133802982	0.444553768051153	279	0.0568491292461184	1.00741491351491	11138	0.285975736929734	2	1	1	-6.93083762201462	0	10602883
NET-002-T_2	chr13	19043053	19296390	0.271418841519235	9	0.13715542683799	0.975020365287039	50	0.440280116771686	4	3	1	-7.0154852113765	0	253337
NET-002-T_2	chr13	19296429	115091399	0.430298435030673	1114	0.0803171495398299	0.991415918257013	43418	0.284447203650523	2	1	1	-6.81724607368998	0	95794970
NET-002-T_2	chr14	19012551	20404874	0.31237452561789	90	0.0943759111703747	1.03095816597747	877	0.440074710260061	3	2	1	-7.2224889542567	0	1392323
NET-002-T_2	chr14	20502120	105954705	0.438780575368174	1989	0.0686683070559424	0.997119994912354	77106	0.289409136835718	2	1	1	-6.82976876070728	0	85452585
NET-002-T_2	chr14	105954949	107211211	0.356908735028261	105	0.0835846645853541	1.00843620554832	1760	0.36954687555116	2	1	1	-6.98107396365176	0	1256262
NET-002-T_2	chr15	20173160	22413825	0.312239869570693	94	0.0835034600636342	1.04542336555474	884	0.392248199968061	2	1	1	-7.50003767148153	0	2240665
NET-002-T_2	chr15	22413954	102516492	0.431580445020054	1885	0.0790328245320006	0.998571037079259	81777	0.290377605264165	2	1	1	-6.77178552385542	0	80102538
NET-002-T_2	chr16	227456	31580272	0.434343530995489	1140	0.0716357614268472	1.00880102219967	41943	0.290490408426445	2	1	1	-6.8092672047169	0	31352816
NET-002-T_2	chr16	31606623	33948737	0.331530365597951	262	0.108838846620355	1.07522860721165	1613	0.472958662019545	2	1	1	-7.07522469213685	0	2342114
NET-002-T_2	chr16	33949534	33950111	0.158796708036489	10	0.126952134461948	0.353586142900025	15	0.281287058934124	1	1	0	-6.73680397883493	1	577
NET-002-T_2	chr16	33950626	33961123	0.326218115174065	83	0.132290201171096	0.669571483514154	235	0.560523639814641	3	2	1	-6.76888843377353	0	10497
NET-002-T_2	chr16	33961138	35239713	0.324131462623553	118	0.115847083654489	1.11058404367881	529	0.632533826845216	3	2	1	-6.87184380413911	0	1278575
NET-002-T_2	chr16	46388407	46407745	0.310397516320976	20	0.118911234031724	1.31582311525422	138	0.483188081549719	7	5	2	-6.77148356601294	0	19338
NET-002-T_2	chr16	46432776	90161850	0.431110931072168	1417	0.0730028058592919	0.997964157775119	41630	0.295841741584908	2	1	1	-6.77624055608883	0	43729074
NET-002-T_2	chr17	62484	9714009	0.434867583256218	691	0.0662777085804101	1.0166983029774	20938	0.298846381097495	2	1	1	-6.82296673726188	0	9651525
NET-002-T_2	chr17	9725091	9850888	0.38439007535468	10	0.1805830372248	0.994481534131694	329	0.294621999234771	2	1	1	-6.74678405051331	0	125797
NET-002-T_2	chr17	10206595	21318629	0.411186518618395	632	0.0899631418164917	1.01137121331171	14667	0.313341079035222	2	1	1	-6.74172136802949	0	11112034
NET-002-T_2	chr17	21318663	21346271	0.285000517116272	64	0.0718009107444339	1.7144963658512	106	0.643733677625223	4	3	1	-6.73908288947406	0	27608
NET-002-T_2	chr17	21346331	21919684	0.343381972129933	121	0.0983222151346313	1.09916557812252	456	0.485866571071036	3	2	1	-6.82318142935831	0	573353
NET-002-T_2	chr17	22066807	22261089	0.255964240416339	44	0.11732485034041	1.32035363073548	141	0.687606891239051	4	3	1	-6.77740322055639	0	194282
NET-002-T_2	chr17	25264940	25267857	0.168736664385124	9	0.149651261270996	1.74128863268682	17	0.94486831482114	7	6	1	-6.7336836486829	0	2917
NET-002-T_2	chr17	25327766	39211434	0.433423795486442	451	0.0762544982901671	0.99785620024123	23265	0.292794782184776	2	1	1	-6.78162209664278	0	13883668
NET-002-T_2	chr17	39240511	39406713	0.268373725378213	24	0.0934132066354273	1.00618275092251	434	0.260625903398595	4	3	1	-7.19875176073657	0	166202
NET-002-T_2	chr17	39535859	45214366	0.419292236871104	384	0.0781246231931731	1.01306766976538	12481	0.29861316924473	2	1	1	-6.74507053050434	0	5678507
NET-002-T_2	chr17	45214373	45221318	0.288057086393639	23	0.135016131374089	0.964934642069	61	0.360769787183271	4	3	1	-6.74888213075732	0	6945
NET-002-T_2	chr17	45229200	81083474	0.433822161222363	1042	0.0755839829721458	1.00001244869986	44180	0.288085906847029	2	1	1	-6.78382684586634	0	35854274
NET-002-T_2	chr18	12842	112437	0.274041686036068	92	0.112412196983148	1.48209089915029	201	0.876365354278171	4	3	1	-6.73665226197044	0	99595
NET-002-T_2	chr18	118580	15330346	0.18109306677012	277	0.0806639127716223	0.593498907714095	9304	0.2020063102282	1	1	0	-6.77752147009298	1	15211766
NET-002-T_2	chr18	18511467	18520301	0.302859098571801	171	0.136979886234754	1.40985959489751	272	0.719014884590392	7	5	2	-6.73919708931636	0	8834
NET-002-T_2	chr18	18529837	77917479	0.16518931727109	576	0.0720562516564509	0.592220515252274	26492	0.188225355558776	1	1	0	-6.90002706326601	1	59387642
NET-002-T_2	chr19	107456	8669931	0.430584654888981	730	0.0815284335458832	1.01078016885369	19509	0.304363422276943	2	1	1	-6.77129751142826	0	8562475
NET-002-T_2	chr19	8999386	9021118	0.281219886854144	23	0.10706194874728	1.02737350996496	275	0.515353719179938	4	3	1	-6.74902670353207	0	21732
NET-002-T_2	chr19	9024297	21021333	0.43846633170352	710	0.073624576598216	1.01003888303104	27620	0.288767849327469	2	1	1	-6.81969289759787	0	11997036
NET-002-T_2	chr19	21022125	24345092	0.376663333876296	114	0.130764374100606	0.974963146753675	3036	0.32681526620058	2	1	1	-6.78786284906317	0	3322967
NET-002-T_2	chr19	27732058	27738918	0.312558876612649	42	0.111337807743898	1.15550029758834	99	0.539914027681405	7	5	2	-6.75389557218278	0	6860
NET-002-T_2	chr19	28246333	54742738	0.434651651409387	1741	0.0696003344286679	1.01255062160646	50974	0.305561183296882	2	1	1	-6.82374672904654	0	26496405
NET-002-T_2	chr19	54743544	55377255	0.360351546452123	191	0.111627039137612	1.05919629325272	2446	0.361081281515914	2	1	1	-6.86717905921571	0	633711
NET-002-T_2	chr19	55378008	58991522	0.438685472893351	363	0.0641231119071976	1.02234317657887	9144	0.301176582915309	2	1	1	-6.84882672172473	0	3613514
NET-002-T_2	chr20	126529	25595123	0.43735132534179	601	0.0700806210322052	1.00338516989459	18449	0.296375512019054	2	1	1	-6.81412144411304	0	25468594
NET-002-T_2	chr20	25595466	26318561	0.364607102343024	121	0.100592254437867	1.10459992375836	444	0.399676280522336	2	1	1	-6.88868586064068	0	723095
NET-002-T_2	chr20	29449417	29847618	0.319009665376385	179	0.102690047584109	1.3439106723525	377	0.676581660480207	3	2	1	-6.79992870919399	0	398201
NET-002-T_2	chr20	29862375	62872290	0.436900902386563	969	0.0726993641480244	1.01450560537915	39464	0.294871987601661	2	1	1	-6.85094718163645	0	33009915
NET-002-T_2	chr21	9492322	11186346	0.324289661423281	331	0.116112960481108	1.16161264813005	1098	0.697474583546545	3	2	1	-6.8420884961321	0	1694024
NET-002-T_2	chr21	14353138	14743923	0.304797973224247	13	0.0677600404141193	0.929546687892183	92	0.315552723425654	3	2	1	-7.39628082213	0	390785
NET-002-T_2	chr21	14756438	36089054	0.42836386812373	367	0.0799405457220846	0.995384047230841	10276	0.291660534541638	2	1	1	-6.76209541722316	0	21332616
NET-002-T_2	chr21	36161902	37022105	0.252616628934708	9	0.198649048435789	1.03051188781888	232	0.371814256050502	2	2	0	-7.06957161111024	1	860203
NET-002-T_2	chr21	37259272	48022375	0.439853816436483	520	0.0595439015176556	1.0085260781051	14630	0.298131117426662	2	1	1	-6.86915683674584	0	10763103
NET-002-T_2	chr22	16157883	17395724	0.354046349698203	55	0.0941086949471007	1.00582048604363	716	0.392863000692311	2	1	1	-6.9505924902323	0	1237841
NET-002-T_2	chr22	17565888	18718169	0.450381528522683	64	0.0396797916211166	1.01855593738044	1949	0.305298686158953	2	1	1	-7.25665711975715	0	1152281
NET-002-T_2	chr22	18721258	18880543	0.243075700678806	9	0.126835961426999	0.797563725671094	35	0.441684194567898	1	1	0	-6.98049583385292	1	159285
NET-002-T_2	chr22	18881845	51220938	0.438104726902359	1398	0.0655590262412601	0.998469854556811	48236	0.291810974195006	2	1	1	-6.82909015073375	0	32339093
NET-002-T_2	chrX	2712661	57705777	0.422731475542916	505	0.0800097074889798	0.992450150464226	34889	0.280918078420994	2	1	1	-6.76825793102927	0	54993116
NET-002-T_2	chrX	61691671	65176778	0.29423458618673	13	0.138393669263835	0.989363521757575	1609	0.311449154644258	2	1	1	-7.13954178413179	0	3485107
NET-002-T_2	chrX	65247311	135430483	0.430828694894767	432	0.0858347853768058	0.991005640253881	37666	0.27837428308524	2	1	1	-6.80660423291336	0	70183172
NET-002-T_2	chrX	135431236	140993913	0.353769033707727	40	0.113449582160128	1.00184385534649	2332	0.296390369370802	2	1	1	-6.88584913264902	0	5562677
NET-002-T_2	chrX	140994171	154871743	0.447687163895792	180	0.0472679263252973	1.00100326656199	11084	0.269890727687041	2	1	1	-7.06157811628665	0	13877572
NET-002-T_2	chrY	9967757	10034104	0.310067349676389	91	0.11912742482545	0.99502410017573	293	0.588446134747661	4	3	1	-6.81674460416163	0	66347
NET-002-T_2	chrY	13141070	59016510	0.295429851011553	392	0.139020335799674	1.33542387067605	800	0.824568051972769	3	2	1	-6.92405891385009	0	45875440
Sample	Chromosome	Start.bp	End.bp	modal_A2f	N.modal_A2modal_A1F	sd.modal_A2modal_A1F	depth.ratio	N.ratio	sd.ratio	CNt	modal_A1	modal_A2	LPP	LOH	length
NET-006-T_2	chr1	762273	12908375	0.437409345731015	746	0.071957359140311	1.01013700161976	17870	0.30997158193332	2	1	1	-6.8103717626846	0	12146102
NET-006-T_2	chr1	12908474	13219094	0.26088663349117	18	0.191921927209454	1.02511665439575	122	0.565201789868503	3	2	1	-6.90863542944721	0	310620
NET-006-T_2	chr1	13802325	16862708	0.42560401399581	138	0.0617471909720066	0.993128156351522	3797	0.301510017051372	2	1	1	-6.7598702445719	0	3060383
NET-006-T_2	chr1	16863173	17371245	0.321802797830861	127	0.104993250031519	1.05913340001156	1124	0.407018555125089	3	2	1	-6.9322556353402	0	508072
NET-006-T_2	chr1	17405809	120537142	0.433499400113654	2734	0.0770546584632808	0.999052172740319	90804	0.302522530987251	2	1	1	-6.77682347374624	0	103131333
NET-006-T_2	chr1	120538947	121484159	0.266742081518591	23	0.12446813329336	0.952399627156224	289	0.370577836215492	2	1	1	-7.4721923391961	0	945212
NET-006-T_2	chr1	121484471	121485416	0.429764909921143	18	0.0516506932929952	1.62344897033672	38	0.507369977177513	4	2	2	-6.79748251138027	0	945
NET-006-T_2	chr1	142538428	142619060	0.257604966140233	9	0.113307962846591	0.54343428701537	21	0.271441978365631	4	3	1	-7.61909754446071	0	80632
NET-006-T_2	chr1	142620828	144851470	0.300160149565627	76	0.133886794286108	1.09847446441863	284	0.605516463003359	3	2	1	-7.06105314405458	0	2230642
NET-006-T_2	chr1	144851484	144930940	0.433426686930842	60	0.0571202987656179	1.01912990073419	446	0.355924520936985	2	1	1	-6.81075558282344	0	79456
NET-006-T_2	chr1	144931087	145369854	0.311489993531118	77	0.0875922343677286	1.10809078841033	579	0.414102159622435	3	2	1	-6.91573906682	0	438767
NET-006-T_2	chr1	145441620	147806677	0.428486885523755	63	0.0807339634990329	0.976765301162572	2341	0.287950512381629	2	1	1	-6.76517762588138	0	2365057
NET-006-T_2	chr1	148010726	149602464	0.320826907387316	35	0.108628129820205	1.03275695100757	337	0.514704572941696	2	1	1	-7.13832963526281	0	1591738
NET-006-T_2	chr1	149651308	242162525	0.435999789915468	2762	0.0780634665384178	0.993426704135324	90945	0.307266747797046	2	1	1	-6.81123775214552	0	92511217
NET-006-T_2	chr1	242220205	245247150	0.342960446134678	32	0.177000227811043	0.994629208582382	1448	0.31768984235803	2	1	1	-6.8254156843996	0	3026945
NET-006-T_2	chr1	245247180	249208772	0.420761899058444	194	0.0812085896001058	0.987477169377202	3488	0.329050793951104	2	1	1	-6.74234515901013	0	3961592
NET-006-T_2	chr2	38938	92032293	0.432502949076349	1903	0.0754393013946203	1.00527491038672	56216	0.302299947682474	2	1	1	-6.79054810884582	0	91993355
NET-006-T_2	chr2	92032326	92325266	0.307285118332736	140	0.1234392336284	1.24392063586694	289	0.685011190316132	3	2	1	-6.78991822470783	0	292940
NET-006-T_2	chr2	95528005	96617111	0.332128431896419	73	0.104845929581323	0.981081850359073	1069	0.332371241961849	2	1	1	-7.07051985163198	0	1089106
NET-006-T_2	chr2	96617113	97817469	0.436331300953912	74	0.0698767784133019	0.989657669658161	2559	0.293604301197411	2	1	1	-6.80148482723702	0	1200356
NET-006-T_2	chr2	97817511	97824008	0.26161079122603	18	0.111082493046555	1.24775165892389	47	0.678167341863915	4	3	1	-6.73467585019725	0	6497
NET-006-T_2	chr2	97827787	132494171	0.430184764868556	755	0.0796035258472508	0.997747938441533	20354	0.301274943223247	2	1	1	-6.76283170526727	0	34666384
NET-006-T_2	chr2	132585449	133029545	0.310661450119744	163	0.102824367560738	1.05807075344068	518	0.530503696955135	3	2	1	-6.88214221365976	0	444096
NET-006-T_2	chr2	133029704	243037218	0.435888738371317	2312	0.0811308541254767	1.00339881113872	77411	0.296019502529716	2	1	1	-6.79009142087313	0	110007514
NET-006-T_2	chr3	239245	24563021	0.444840502491168	521	0.0611588440692288	0.994719061314886	14648	0.308056574835408	2	1	1	-6.89811953051655	0	24323776
NET-006-T_2	chr3	25216243	36534540	0.386544088497116	89	0.0875718455952606	1.27654990884972	4567	0.365356548281098	3	2	1	-7.61134182624266	0	11318297
NET-006-T_2	chr3	36587541	49449638	0.439364415279776	498	0.0725108785996457	0.992775709592103	19696	0.294360047491028	2	1	1	-6.81745633503753	0	12862097
NET-006-T_2	chr3	49457812	49723823	0.298654377978232	14	0.200041863750434	1.04057577228859	672	0.358272820448788	3	2	1	-6.89540645784624	0	266011
NET-006-T_2	chr3	49724808	75648438	0.435505165866685	503	0.0832952732160575	1.00252855525606	19668	0.295548798926546	2	1	1	-6.77860416292839	0	25923630
NET-006-T_2	chr3	75679195	89530956	0.333987957339127	485	0.109962044696112	1.14684031552766	2791	0.465422654040056	2	1	1	-7.67159604305486	0	13851761
NET-006-T_2	chr3	93593119	101085413	0.416304774432395	153	0.0912374810578219	1.01258396817855	4054	0.309524739370613	2	1	1	-6.74126822621755	0	7492294
NET-006-T_2	chr3	101133141	101136340	0.20702084246536	9	0.111817932372227	1.16143905721114	38	0.468108776309564	5	4	1	-6.73916859227439	0	3199
NET-006-T_2	chr3	101136385	197804128	0.432583695059907	2061	0.0808060714899466	1.00414690554637	64310	0.303624801712464	2	1	1	-6.77970797065122	0	96667743
NET-006-T_2	chr4	50876	67919	0.244975122585632	9	0.111738285490894	1.03798173748483	71	0.474720606171189	4	3	1	-6.76575744333455	0	17043
NET-006-T_2	chr4	124375	49063872	0.435631507756883	1033	0.0711372205529548	1.01003310633611	27235	0.306386507271812	2	1	1	-6.8254746269134	0	48939497
NET-006-T_2	chr4	49094125	49637615	0.294172282020123	82	0.122970844168475	1.08138696323412	228	0.696681660583157	3	2	1	-6.88108888321515	0	543490
NET-006-T_2	chr4	52731397	189067987	0.430266000586447	1814	0.0876185391275958	1.004959556132	62039	0.302403462616417	2	1	1	-6.77872176856557	0	136336590
NET-006-T_2	chr4	189192028	191044226	0.346995124184696	73	0.11075473747044	1.0670564059653	377	0.593388530600014	2	1	1	-6.95067402178394	0	1852198
NET-006-T_2	chr5	140788	44809162	0.427490504617989	784	0.0839622075920922	1.01175123964843	20190	0.319308395904361	2	1	1	-6.78712485007913	0	44668374
NET-006-T_2	chr5	49693458	80640883	0.431428115596856	577	0.0826193583213984	1.00342172506302	18030	0.291585987686767	2	1	1	-6.76607974429927	0	30947425
NET-006-T_2	chr5	80713096	82649467	0.0761168556493072	26	0.0442858720309137	0.569236209658572	587	0.198184578623894	1	1	0	-6.83710431838294	1	1936371
NET-006-T_2	chr5	82786194	86564995	0.432973441785272	21	0.0557827418267898	0.971086722312755	771	0.264981768356375	2	1	1	-6.83852270668954	0	3778801
NET-006-T_2	chr5	87968953	89815024	0.0733598456593051	9	0.0246074740226984	0.58237636587981	585	0.179262470330346	1	1	0	-7.14542398627496	1	1846071
NET-006-T_2	chr5	89816299	96098758	0.0868077822568	76	0.0415660286392879	0.555058524244677	3188	0.181201847130316	1	1	0	-6.74950367589219	1	6282459
NET-006-T_2	chr5	96101944	96497836	0.074598864307128	22	0.0492094428343714	0.560094957796188	904	0.188288115216482	1	1	0	-6.80322465891019	1	395892
NET-006-T_2	chr5	96498783	99922081	0.40089783817635	32	0.109842923039837	1.13416098913959	552	0.396083686400992	2	1	1	-6.94065207270445	0	3423298
NET-006-T_2	chr5	101570491	106714738	0.365686708150471	23	0.135683061878159	0.160641933615727	965	0.164737561996505	0	0	0	-13.5644232325462	1	5144247
NET-006-T_2	chr5	107214510	109760621	0.0770446515349055	28	0.0688310945483186	0.566238391724179	832	0.218764856757361	1	1	0	-6.7854060815189	1	2546111
NET-006-T_2	chr5	110284341	110286513	0.398780993553133	24	0.0706057511924438	0.749165395591295	61	0.345854627693873	5	3	2	-6.75604811216636	0	2172
NET-006-T_2	chr5	110405824	110829078	0.0720168274932913	10	0.0304915288782529	0.567263600289328	604	0.182654378210774	1	1	0	-6.97015302452149	1	423254
NET-006-T_2	chr5	111066697	112164621	0.329567066697088	9	0.179322180570181	0.270697512895239	405	0.244391330038067	1	1	0	-10.7799793964848	1	1097924
NET-006-T_2	chr5	112175023	112353105	0.0807198017459435	25	0.0426836034092718	0.554576804158064	507	0.218538416447369	1	1	0	-6.76952840350288	1	178082
NET-006-T_2	chr5	112355668	113539596	0.0788156753900514	21	0.0283894682014635	0.555988303802307	539	0.220411405732944	1	1	0	-6.84781695227506	1	1183928
NET-006-T_2	chr5	113829121	122950330	0.439917269092951	135	0.0635874999449871	1.02410648136844	3443	0.308034650010967	2	1	1	-6.87313189607017	0	9121209
NET-006-T_2	chr5	123966399	126774201	0.0774341924075672	22	0.107157164989832	0.531384269809521	1044	0.188823953546415	1	1	0	-6.79850123891767	1	2807802
NET-006-T_2	chr5	126796585	175310814	0.440215538674032	1189	0.071913850902817	0.997630442208817	38584	0.303078268060814	2	1	1	-6.8210655542894	0	48514229
NET-006-T_2	chr5	175358218	177612739	0.378704721031767	123	0.0936523363080794	1.28914463706637	4197	0.381483052839385	3	2	1	-6.94782357876991	0	2254521
NET-006-T_2	chr5	177631468	178509702	0.102387728781148	55	0.0870638026042151	0.530472237679637	1217	0.194060703509987	1	1	0	-6.76105094607004	1	878234
NET-006-T_2	chr5	178509703	178579119	0.0905005592072617	11	0.0379877970837047	0.509426907694052	196	0.182320838059123	1	1	0	-6.7406165680964	1	69416
NET-006-T_2	chr5	178951598	180710373	0.440388316257617	148	0.0535869591387752	1.00896656365993	3218	0.300468461351018	2	1	1	-6.8894440075769	0	1758775
NET-006-T_2	chr6	203878	367352	0.332228898401183	15	0.10005488969751	1.1259906709408	145	0.435312630644308	3	2	1	-6.77211782140035	0	163474
NET-006-T_2	chr6	397290	32427871	0.433736856697921	1408	0.0745209645097449	1.00010350059151	28044	0.313271834492019	2	1	1	-6.78023543690021	0	32030581
NET-006-T_2	chr6	32427894	32498033	0.318360149300591	56	0.0848853084132678	1.28274380755494	104	0.685615614138862	3	2	1	-6.78201895588268	0	70139
NET-006-T_2	chr6	32498085	32520831	0.0886205951656648	9	0.0897911156208923	1.45359469207865	15	1.03428628255707	1	1	0	-6.74557307400382	1	22746
NET-006-T_2	chr6	32520915	32552026	0.325730776245939	58	0.107190115265575	1.76697875893633	100	0.748175999118233	6	4	2	-6.74702670938483	0	31111
NET-006-T_2	chr6	32552029	33054091	0.394464241418402	218	0.0850916135447034	1.07025530322735	1297	0.399041280627554	2	1	1	-6.7693257413153	0	502062
NET-006-T_2	chr6	33054268	33054721	0.256775148127653	21	0.0933619173916625	2.10983576917257	29	0.85222984538187	8	6	2	-6.73315111632917	0	453
NET-006-T_2	chr6	33054807	57254927	0.433762961897108	827	0.0766357968623157	1.00003727458453	26535	0.305564952973583	2	1	1	-6.77779361862197	0	24200120
NET-006-T_2	chr6	57254955	58779097	0.341950307448557	104	0.0901762231056071	1.23058019578855	311	0.571903137926529	3	2	1	-6.80738590433263	0	1524142
NET-006-T_2	chr6	62407067	170893364	0.432080725835798	1840	0.0777858082894245	1.00666100001284	55024	0.302599069846932	2	1	1	-6.80101856105347	0	108486297
NET-006-T_2	chr7	286402	6713985	0.431614676391739	306	0.0703677993340255	0.992656972158339	7433	0.309118498711615	2	1	1	-6.77802645254484	0	6427583
NET-006-T_2	chr7	6790900	16298563	0.367219582813333	104	0.0809675428706241	1.29551709394567	2919	0.406871653298748	3	2	1	-7.19723499983558	0	9507663
NET-006-T_2	chr7	16348059	31829213	0.435882545965454	263	0.0707664802441711	1.00861311772881	9898	0.293114670180648	2	1	1	-6.80439606155516	0	15481154
NET-006-T_2	chr7	31830095	32526066	0.229150150448659	9	0.224674455849149	1.01835910956106	169	0.315997888616413	2	2	0	-7.09228094255517	1	695971
NET-006-T_2	chr7	32526181	56049019	0.432006611414069	537	0.0774374017037911	0.993470313854182	13657	0.310259624575808	2	1	1	-6.77618251683447	0	23522838
NET-006-T_2	chr7	56087219	57885981	0.307007657843423	71	0.121271660721559	1.28241435493489	1038	0.444742549300486	3	2	1	-6.86483224339119	0	1798762
NET-006-T_2	chr7	61969121	64661057	0.315702845169366	27	0.113248095145707	1.22489593108254	1501	0.390599607700603	3	2	1	-7.05325624102985	0	2691936
NET-006-T_2	chr7	64661070	100549321	0.429958113710788	498	0.084347306380837	0.992548087534356	24440	0.28593590510089	2	1	1	-6.77259203722141	0	35888251
NET-006-T_2	chr7	100549573	100635679	0.310263819033622	179	0.0930931883849908	1.37379825019932	392	0.566050361582976	3	2	1	-6.80405454266868	0	86106
NET-006-T_2	chr7	100638856	141957653	0.432014973103763	677	0.0820971474231977	0.993168438665832	28370	0.291638977567625	2	1	1	-6.77954665747728	0	41318797
NET-006-T_2	chr7	142008403	142168302	0.222132173815927	28	0.11142152670717	1.06877649943518	243	0.518008088308577	4	3	1	-6.93012413139469	0	159899
NET-006-T_2	chr7	142168362	142498837	0.339598489970501	106	0.104553771357715	1.23940164845429	515	0.626443255869073	3	2	1	-6.74587141351407	0	330475
NET-006-T_2	chr7	142498897	151874580	0.441190015310242	238	0.0750160781262871	0.987045993671935	8894	0.283076972766482	2	1	1	-6.82994993558879	0	9375683
NET-006-T_2	chr7	151944852	152110686	0.322204625641508	14	0.127636761386142	1.01125629725292	141	0.426647418314238	3	2	1	-6.81813833635959	0	165834
NET-006-T_2	chr7	152142227	158827326	0.438028702159744	161	0.0656462439734833	1.00805850794953	3755	0.33686586342921	2	1	1	-6.82296630499872	0	6685099
NET-006-T_2	chr8	183192	42263251	0.433169776953666	1116	0.0773934004604587	1.00013936978846	27378	0.311533198785543	2	1	1	-6.77450581568411	0	42080059
NET-006-T_2	chr8	42317380	43822485	0.373109898483411	37	0.105856615868462	1.00714537580587	1027	0.338838530102071	2	1	1	-6.81641601909489	0	1505105
NET-006-T_2	chr8	47507742	146280802	0.433268492545108	1441	0.0849772502643806	1.00505484549233	48882	0.296467448965283	2	1	1	-6.78489435525332	0	98773060
NET-006-T_2	chr9	116183	33354937	0.440809816947302	417	0.0749637187040052	1.00015793031385	13155	0.298102675524981	2	1	1	-6.81593165384312	0	33238754
NET-006-T_2	chr9	33386167	33799026	0.330331767932303	63	0.102543223311974	1.049303643418	655	0.392125506274826	3	2	1	-6.90526327616096	0	412859
NET-006-T_2	chr9	33933597	38595886	0.433283232956491	204	0.0756482324699225	0.991169877557961	7350	0.320676385897413	2	1	1	-6.77904156839633	0	4662289
NET-006-T_2	chr9	38603131	46912964	0.335738722758597	39	0.113414637027316	1.0385533437018	489	0.421172814841024	2	1	1	-7.03762201936953	0	8309833
NET-006-T_2	chr9	65595104	71002383	0.325014512290244	282	0.102424808135146	1.1864131546995	789	0.61460192001999	3	2	1	-7.07743112033091	0	5407279
NET-006-T_2	chr9	71145379	101370349	0.432627979256519	629	0.0791733386109788	0.995773787305599	18881	0.299289138589246	2	1	1	-6.77423552874392	0	30224970
NET-006-T_2	chr9	101470684	110247833	0.387804334953485	157	0.0664727905221188	1.28980891978472	5043	0.382632119390966	3	2	1	-7.45736810135855	0	8777149
NET-006-T_2	chr9	110596871	141070335	0.432523559155536	1312	0.0771611288003743	0.993525317696229	39518	0.30087417197949	2	1	1	-6.78067717925743	0	30473464
NET-006-T_2	chr10	282935	38119872	0.43604899830319	711	0.0682198938094497	1.00208594863012	19806	0.307619913954045	2	1	1	-6.80323905324989	0	37836937
NET-006-T_2	chr10	38353634	39125637	0.353511805438315	31	0.107552617780312	0.988391391603838	407	0.337518000319708	2	1	1	-6.91030634508667	0	772003
NET-006-T_2	chr10	42356484	42387748	0.223412244984979	21	0.169837443288743	1.13789657500361	65	0.605774739565916	5	4	1	-6.76199383393501	0	31264
NET-006-T_2	chr10	42388298	42705514	0.328727957569024	122	0.128803720395617	1.54538412814563	258	0.750594108660815	3	2	1	-6.74112917352593	0	317216
NET-006-T_2	chr10	42831689	46143958	0.445046960149826	60	0.0579530761871018	0.970404234783148	2339	0.292006201383366	2	1	1	-6.93475630496216	0	3312269
NET-006-T_2	chr10	46952758	47133114	0.306432639294477	33	0.0979297154425901	1.04816384057218	251	0.413561132360384	3	2	1	-6.8786905660343	0	180356
NET-006-T_2	chr10	47133173	127495832	0.431925899544605	1882	0.0803537981995255	0.996929025170858	57466	0.30636353331219	2	1	1	-6.77185496607315	0	80362659
NET-006-T_2	chr10	127522547	127585035	0.26776419860011	10	0.123282692306026	1.07214533859012	156	0.373580774448071	4	3	1	-6.82048832910566	0	62488
NET-006-T_2	chr10	127585090	135438977	0.42882451173569	257	0.0810180704656357	0.998900218953042	5019	0.333003890188031	2	1	1	-6.7566012432891	0	7853887
NET-006-T_2	chr10	135439196	135500879	0.300664900255438	31	0.132192129643882	1.10160372057272	67	0.715473401427445	3	2	1	-6.79763317109655	0	61683
NET-006-T_2	chr11	192974	1016776	0.42397080297436	161	0.0934552015108897	1.01987459555255	3427	0.339493994268713	2	1	1	-6.7433238097541	0	823802
NET-006-T_2	chr11	1016869	1018483	0.324773153477253	52	0.0956282453682864	1.4829097114442	89	0.543192641388702	9	6	3	-6.74399253674414	0	1614
NET-006-T_2	chr11	1026270	1161201	0.412931946335535	52	0.0723124270376289	1.0165993832703	573	0.322026028641423	2	1	1	-6.73324501679349	0	134931
NET-006-T_2	chr11	1212825	1213566	0.313485158678556	32	0.0741454270662642	1.14926873110434	50	0.561275482217757	16	11	5	-6.73792395176928	0	741
NET-006-T_2	chr11	1214045	48328818	0.435204659262038	1583	0.0787764367602063	0.998827551454218	38289	0.308846297153835	2	1	1	-6.78178580438226	0	47114773
NET-006-T_2	chr11	48346280	48388883	0.328213211360487	140	0.0639656233953971	1.55641323371441	229	0.56840112033798	3	2	1	-6.76269574594626	0	42603
NET-006-T_2	chr11	48453678	51591346	0.408581441086154	62	0.106722778516383	1.00062549209839	1104	0.342772738532426	2	1	1	-6.73395222788996	0	3137668
NET-006-T_2	chr11	55059756	56128081	0.431523108330867	45	0.0844059455036411	1.01646678636734	1089	0.266428033630847	2	1	1	-6.76496566558441	0	1068325
NET-006-T_2	chr11	56128772	56143936	0.269455318692341	20	0.113541089246882	1.45307378111803	42	0.641306557322297	4	3	1	-6.73635254794874	0	15164
NET-006-T_2	chr11	56143966	56468416	0.38278927592695	29	0.09905351342667	1.02339575185366	351	0.32471787179602	2	1	1	-6.78842175508221	0	324450
NET-006-T_2	chr11	56468448	56469008	0.242579311094987	19	0.139947358524178	1.59018412507659	32	0.731852265080341	17	13	4	-6.73498974784231	0	560
NET-006-T_2	chr11	56503728	96126361	0.440500521569355	1396	0.0708517875117778	0.997396481501	48235	0.294293833158599	2	1	1	-6.82553968036133	0	39622633
NET-006-T_2	chr11	98435974	128556738	0.309210604983191	889	0.080342963909955	0.713047492166133	27175	0.23492548447733	2	1	1	-15.3982810618965	0	30120764
NET-006-T_2	chr11	128675292	134927578	0.447033997451152	138	0.0435350252530168	1.00433036444237	4131	0.303704717038568	2	1	1	-7.08451362612165	0	6252286
NET-006-T_2	chr12	247900	8075685	0.377609112369972	378	0.0815280494219442	1.27592018504144	11540	0.399217138648712	3	2	1	-7.29006721380122	0	7827785
NET-006-T_2	chr12	8196445	11149390	0.426243758850904	204	0.0744578978815546	1.0042187162173	4527	0.325171462061676	2	1	1	-6.75296161562774	0	2952945
NET-006-T_2	chr12	11174261	11904767	0.290829605483886	57	0.106208851681197	1.11905891705818	461	0.43842033156126	3	2	1	-7.02040535747864	0	730506
NET-006-T_2	chr12	11904770	34182758	0.434527925325658	464	0.0792773659691628	1.00469379179777	14004	0.298266164123237	2	1	1	-6.78125314422315	0	22277988
NET-006-T_2	chr12	38499666	42476613	0.440236925830362	83	0.0721885713427045	0.994592753107519	2514	0.294247529207972	2	1	1	-6.81957816476889	0	3976947
NET-006-T_2	chr12	42477199	42479178	0.234013234333917	14	0.0665818508089318	1.27456692389407	58	0.710133391523597	13	10	3	-6.73896395608943	0	1979
NET-006-T_2	chr12	42503467	58203354	0.437763512230437	845	0.0814820766463706	0.992653295406177	29496	0.302515890478465	2	1	1	-6.79462778161319	0	15699887
NET-006-T_2	chr12	58216868	58240358	0.298328996546734	41	0.114102980872116	1.42095236545265	99	0.697925416378755	7	5	2	-6.75452782674431	0	23490
NET-006-T_2	chr12	58335626	123892186	0.434477524890463	1348	0.0785496322443527	0.999444438058241	49521	0.299776282058554	2	1	1	-6.77871534665486	0	65556560
NET-006-T_2	chr12	123892235	123893499	0.276859264177325	9	0.0419834623525873	1.44477724985256	35	0.684978537356212	11	8	3	-6.7356241219538	0	1264
NET-006-T_2	chr12	123956749	133811705	0.430531198224605	362	0.0827800035418848	1.00366912776184	8336	0.319155955945623	2	1	1	-6.76135799335968	0	9854956
NET-006-T_2	chr13	19042705	25670765	0.405709324496706	220	0.0870756121137809	1.00211345991274	4775	0.330040512927707	2	1	1	-6.73711509664217	0	6628060
NET-006-T_2	chr13	25670873	25739404	0.238882773499987	18	0.070859337787154	1.20186332407714	130	0.461429297252084	4	3	1	-6.84398259396502	0	68531
NET-006-T_2	chr13	25739662	115091399	0.435410694652885	1052	0.0829459774965636	1.0060889282869	34026	0.297250831783041	2	1	1	-6.79974849512889	0	89351737
NET-006-T_2	chr14	19012522	20443472	0.305870464616506	74	0.11049739451563	1.36859478601193	658	0.546516425454155	3	2	1	-6.80739335154967	0	1430950
NET-006-T_2	chr14	20443872	25280256	0.37549422840885	514	0.0763771977930314	1.30607944529399	12452	0.4201859826644	3	2	1	-7.01820306405523	0	4836384
NET-006-T_2	chr14	25280335	106714539	0.433915146587569	1979	0.0818350570182924	1.00798531849967	58686	0.299706646624251	2	1	1	-6.80710433085407	0	81434204
NET-006-T_2	chr14	106733094	107259195	0.35634215210993	133	0.106754917105819	1.045694321351	718	0.467259671111762	3	2	1	-6.89392090996639	0	526101
NET-006-T_2	chr15	20170150	22703581	0.326393999249734	117	0.115332946187439	1.02520930100964	907	0.430882214061706	2	1	1	-7.05693789001035	0	2533431
NET-006-T_2	chr15	22784483	102389685	0.434137495226719	2302	0.0788094463372582	0.995654400130134	73596	0.307869080452574	2	1	1	-6.78642981065436	0	79605202
NET-006-T_2	chr16	81639	6704733	0.376248681349501	640	0.0733721314719765	1.31193782333907	14859	0.397771909047487	3	2	1	-7.09972329184807	0	6623094
NET-006-T_2	chr16	6704827	32077580	0.426766391232304	707	0.0822386750053035	0.997359985616201	23742	0.309883549990855	2	1	1	-6.75151036450619	0	25372753
NET-006-T_2	chr16	32077803	35239687	0.332681628395852	331	0.105479706871751	1.05715132792732	1573	0.484869449389889	2	1	1	-7.08508667325224	0	3161884
NET-006-T_2	chr16	46391441	47632842	0.253856266291107	9	0.210571114933754	1.00747607221333	1166	0.338882979650852	2	1	1	-7.05694533201284	0	1241401
NET-006-T_2	chr16	48130834	55857578	0.431087383764393	121	0.0897929712502622	0.989206124669404	4234	0.294232861629599	2	1	1	-6.76424346538189	0	7726744
NET-006-T_2	chr16	55862605	55880480	0.23827418395573	9	0.0510639577175308	1.5562818165958	31	0.701791265723051	9	7	2	-6.77255607152462	0	17875
NET-006-T_2	chr16	55883618	90161065	0.427850941328206	1364	0.0862575772948591	1.00261545619914	31827	0.319895644983351	2	1	1	-6.75272835051241	0	34277447
NET-006-T_2	chr17	13798	21318629	0.422840911945618	1068	0.0797302179556925	0.993591092790278	31965	0.311850606413662	2	1	1	-6.74804983446151	0	21304831
NET-006-T_2	chr17	21318663	21319908	0.284829512681519	42	0.056240771600716	1.7150711710896	68	0.757106466708295	14	10	4	-6.73852768463078	0	1245
NET-006-T_2	chr17	21319955	22261573	0.334589857114087	114	0.107943617870772	1.08843141294278	500	0.44468007222414	3	2	1	-6.96244953727471	0	941618
NET-006-T_2	chr17	25263880	45197296	0.426694499437699	814	0.0924287429121868	0.990241202583529	32618	0.30521190326794	2	1	1	-6.75897311793486	0	19933416
NET-006-T_2	chr17	45214318	45229240	0.365073654744746	27	0.0748591459869249	1.07713192318612	57	0.353562429570804	3	2	1	-6.79401269419289	0	14922
NET-006-T_2	chr17	45229253	45266632	0.234421098273441	17	0.124570320325037	1.1400380486048	69	0.549018552755959	4	3	1	-6.78457336515267	0	37379
NET-006-T_2	chr17	45299720	81083660	0.436764414790768	1441	0.0785389896053768	0.997450314046581	39647	0.305257382744446	2	1	1	-6.79009787042784	0	35783940
NET-006-T_2	chr18	48365	109408	0.34324361103732	39	0.116307790041302	1.41726640278697	94	0.932241921023539	3	2	1	-6.73308511355031	0	61043
NET-006-T_2	chr18	109507	14752957	0.102034311903311	281	0.0755251319204503	0.534372339377193	8021	0.222575740063129	1	1	0	-6.88908121038151	1	14643450
NET-006-T_2	chr18	14779925	15330346	0.267529392821229	11	0.184431164789074	0.50701769734067	197	0.244306262679574	1	1	0	-7.27283652882466	1	550421
NET-006-T_2	chr18	18512849	18516122	0.163551679018014	11	0.133439329080502	1.06209172326292	21	0.675308991005846	7	6	1	-6.74134451520462	0	3273
NET-006-T_2	chr18	18516158	18520301	0.31037032771088	107	0.132784599180704	1.596715783979	164	0.70584275540758	10	7	3	-6.74002441781416	0	4143
NET-006-T_2	chr18	18529837	77927028	0.0838205511403377	585	0.0624235388987253	0.546526658786864	23818	0.200025081279221	1	1	0	-6.77707064279295	1	59397191
NET-006-T_2	chr19	282617	8841793	0.435639989690386	795	0.0703547022550601	1.00596256918112	17331	0.313999721728365	2	1	1	-6.79770690414549	0	8559176
NET-006-T_2	chr19	8997454	9012858	0.298685085783986	31	0.131188151838479	1.06618657872576	195	0.558572369377397	7	5	2	-6.7710930269026	0	15404
NET-006-T_2	chr19	9014551	22363589	0.437112322971066	993	0.0696201785012064	0.996459859300468	26454	0.298768755124363	2	1	1	-6.80673101927123	0	13349038
NET-006-T_2	chr19	22363610	22497267	0.250706283395862	10	0.196709289166639	1.00566092606105	101	0.370871171355464	3	2	1	-6.93764912124619	0	133657
NET-006-T_2	chr19	22498943	24345092	0.412074838468155	54	0.138617650030831	0.931343469703868	1441	0.274779925493683	2	1	1	-6.80636044941001	0	1846149
NET-006-T_2	chr19	27732058	28329966	0.250843088788154	35	0.14742830190191	1.06450921854667	113	0.666029010047634	4	3	1	-6.99719683105644	0	597908
NET-006-T_2	chr19	29282028	51021057	0.429495475241165	1237	0.0891657937190396	0.996030108608635	37068	0.302815203927838	2	1	1	-6.75636134462955	0	21739029
NET-006-T_2	chr19	51051778	51109992	0.240285519538588	11	0.125055187817219	1.25197534662958	31	0.77393431412533	4	3	1	-6.76350604438986	0	58214
NET-006-T_2	chr19	51111825	55241172	0.434797823217903	535	0.0762687787548882	0.992413380125957	9908	0.320968407083143	2	1	1	-6.78414032893029	0	4129347
NET-006-T_2	chr19	55246904	55377934	0.342413233197772	229	0.104646904231487	1.10348006993102	681	0.670699539522578	3	2	1	-6.74603600835185	0	131030
NET-006-T_2	chr19	55386890	59074653	0.431229656588366	356	0.0806857798035682	0.990285965665785	8617	0.305740846871011	2	1	1	-6.76658637792985	0	3687763
NET-006-T_2	chr20	68264	25657745	0.437881300190675	687	0.0744385693470191	1.00668027378664	16776	0.313754907965908	2	1	1	-6.80754478572595	0	25589481
NET-006-T_2	chr20	25666737	26211524	0.353466313251454	117	0.0918292449437423	1.18542485856091	303	0.557121653399075	3	2	1	-6.78421040765316	0	544787
NET-006-T_2	chr20	29449417	29652349	0.327266021859576	116	0.107669861268078	1.31302702614057	259	0.631482622488666	3	2	1	-6.74782737279894	0	202932
NET-006-T_2	chr20	29652438	62905851	0.434086463046067	1195	0.0802066098973808	1.0007804211497	36101	0.30790011963456	2	1	1	-6.77531094275513	0	33253413
NET-006-T_2	chr21	9561349	11186351	0.327590484139378	257	0.108862955532658	1.04674568977716	867	0.556795633698787	3	2	1	-7.06074146633765	0	1625002
NET-006-T_2	chr21	14414855	32114077	0.431783386891929	222	0.0725331388743656	1.0144344231711	4850	0.315158674025249	2	1	1	-6.79593260217469	0	17699222
NET-006-T_2	chr21	32114287	32185088	0.304491814995464	16	0.11564037285193	1.13486425692805	58	0.653822242280658	3	2	1	-6.80270289507944	0	70801
NET-006-T_2	chr21	32185105	48084820	0.433616586067302	757	0.0804670665915836	0.998505825727984	18012	0.313413780854021	2	1	1	-6.77331700998044	0	15899715
NET-006-T_2	chr22	16255865	18881912	0.414435820830321	162	0.0849450997053969	0.99608587553172	2601	0.330575933878469	2	1	1	-6.73348715739718	0	2626047
NET-006-T_2	chr22	18881935	18896169	0.309125667139664	9	0.193330675269084	1.12000127877637	35	0.567797724072741	3	2	1	-6.75249069559577	0	14234
NET-006-T_2	chr22	18896189	51219006	0.435045585469689	1748	0.0781408553437755	0.996090626228435	43491	0.30870334183906	2	1	1	-6.78459389626	0	32322817
NET-006-T_2	chrX	2832614	2836238	0.31963273770305	36	0.0761592733725508	1.48251114797268	60	0.850708372824213	19	13	6	-6.74305022832986	0	3624
NET-006-T_2	chrX	3242873	50094348	0.0555615606962223	29	0.118528893195573	0.94365791482455	17804	0.298678347017381	2	2	0	-7.64171390561538	1	46851475
NET-006-T_2	chrX	52891412	56311068	0.196441307469348	17	0.150628706935103	0.947278379889143	2754	0.344272332700979	2	2	0	-7.30067423812793	1	3419656
NET-006-T_2	chrX	65175892	73802912	0.150771540716564	9	0.216948214507006	0.938376027194667	4986	0.309472596504743	2	2	0	-7.07000640096526	1	8627020
NET-006-T_2	chrX	73802941	73803191	0.44430189187278	11	0.0381005845815329	1.42336103335682	15	0.448085525424821	19	10	9	-7.11717851042292	0	250
NET-006-T_2	chrX	74725603	135304474	0.0287855644795501	27	0.0932451200956512	1.05018525567029	18245	0.419391794322875	2	2	0	-7.2234682367645	1	60578871
NET-006-T_2	chrX	135956107	140994031	0.306848680646438	24	0.0775923946669062	1.07266220231414	1006	0.442241740038573	2	1	1	-7.75818887214201	0	5037924
NET-006-T_2	chrX	147027186	154774750	0	14	0	0.94112853074779	6738	0.319300906892763	0	0	0	-Inf	1	7747564
NET-006-T_2	chrY	3720336	10034076	0.307316771522676	118	0.11960517644589	1.03244300857369	709	0.45212318305771	2	1	1	-7.18525044548599	0	6313740
NET-006-T_2	chrY	13141060	59019264	0.291694402941829	209	0.144318017556324	0.98735383969693	1856	0.434088007793649	2	1	1	-7.15159332529622	0	45878204
Sample	Chromosome	Start.bp	End.bp	modal_A2f	N.modal_A2modal_A1F	sd.modal_A2modal_A1F	depth.ratio	N.ratio	sd.ratio	CNt	modal_A1	modal_A2	LPP	LOH	length
NET-007-T_2	chr1	777232	16890130	0.420774844224304	703	0.0813975413254165	1.01040870624567	23404	0.288448201775657	2	1	1	-6.7469809662943	0	16112898
NET-007-T_2	chr1	16890421	17267302	0.302462565331542	61	0.0905978081497011	1.09289415891026	625	0.486201118072948	3	2	1	-6.90940638913722	0	376881
NET-007-T_2	chr1	17296882	116676638	0.42741951570529	1932	0.0823664682292333	1.01010418712497	94216	0.287177686624307	2	1	1	-6.81541405283737	0	99379756
NET-007-T_2	chr1	117142613	117156490	0.238581998280746	12	0.0774989736002414	0.99240260569308	52	0.484552217836174	4	3	1	-6.78597329517367	0	13877
NET-007-T_2	chr1	117297734	120344900	0.434277952736114	82	0.0748610597010246	1.02327935735109	2746	0.292546518903611	2	1	1	-6.77729592359199	0	3047166
NET-007-T_2	chr1	120344936	121485416	0.353543973387782	48	0.119698111324323	1.12311081676819	952	0.392581308997118	2	1	1	-6.95474011548987	0	1140480
NET-007-T_2	chr1	142538292	143264872	0.324121719748988	49	0.124724025283797	0.910114805170955	166	0.45314450295932	2	1	1	-7.06527268478066	0	726580
NET-007-T_2	chr1	143278720	144952220	0.411472097698954	139	0.0783337534956133	1.10058249610056	806	0.445611275145619	2	1	1	-6.7817713521264	0	1673500
NET-007-T_2	chr1	144952255	145311083	0.320593969192408	69	0.0832126227186125	1.14952196459961	528	0.507799800213405	3	2	1	-6.81076384379309	0	358828
NET-007-T_2	chr1	145369322	248569369	0.434202493573491	2624	0.0716089285025804	1.00809167273198	105933	0.289724175248992	2	1	1	-6.81627485686252	0	103200047
NET-007-T_2	chr1	248604365	248722624	0.278521186002664	11	0.0761923403451602	1.12441150943529	144	0.537188003448468	4	3	1	-6.84893100595813	0	118259
NET-007-T_2	chr1	248722671	249208343	0.423633290924247	25	0.100093256516111	1.0361462882809	440	0.31161205348676	2	1	1	-6.73970522815473	0	485672
NET-007-T_2	chr2	218386	89513365	0.435599774911418	1512	0.0719120155104907	1.00823295912027	59919	0.289285023702068	2	1	1	-6.81701110501015	0	89294979
NET-007-T_2	chr2	89534327	91678903	0.321952834798024	21	0.112045207712907	0.976123776949228	388	0.411172784790072	2	1	1	-7.13831626436181	0	2144576
NET-007-T_2	chr2	91679044	91800960	0.434194349314555	33	0.0594977240461067	1.1705729783238	134	0.526144915452965	2	1	1	-6.79112376399113	0	121916
NET-007-T_2	chr2	91801654	92325258	0.304791001043614	174	0.118111754505589	1.31952791154625	499	0.879303941703892	3	2	1	-6.78624883815967	0	523604
NET-007-T_2	chr2	95398693	97862396	0.387382146191407	170	0.101976508832364	1.01783776429506	4146	0.302126910536063	2	1	1	-6.78720821762235	0	2463703
NET-007-T_2	chr2	98128093	132860859	0.423760707269351	584	0.086480424702045	1.00240919997818	21987	0.294859533339399	2	1	1	-6.73843687505223	0	34732766
NET-007-T_2	chr2	132860908	133030637	0.32572714717828	191	0.105052767908283	1.08645165689621	510	0.503565879426677	3	2	1	-6.77837826074613	0	169729
NET-007-T_2	chr2	133031635	133067020	0.224624135561163	22	0.129849104899841	0.960836733985872	132	0.374289884205357	4	3	1	-6.84607933654078	0	35385
NET-007-T_2	chr2	133067025	243005035	0.431869058815101	1764	0.07885758784587	1.01187366886649	83333	0.291052551147754	2	1	1	-6.861783214676	0	109938010
NET-007-T_2	chr3	361508	74344134	0.433660383898634	1419	0.074462495649545	1.00927430448875	63446	0.285708697652538	2	1	1	-6.81005853589316	0	73982626
NET-007-T_2	chr3	74364367	89448936	0.337780692666961	518	0.099078101489898	1.13679721473235	3118	0.44062194134222	2	1	1	-7.77373822632209	0	15084569
NET-007-T_2	chr3	93699218	197838002	0.43071963791781	1749	0.0804839882254166	1.01441770315122	73804	0.286680591217306	2	1	1	-6.90311021740874	0	104138784
NET-007-T_2	chr4	47632	68100	0.37250502821351	16	0.114126757014587	0.809685557785991	109	0.32083826822793	2	1	1	-6.82691513487469	0	20468
NET-007-T_2	chr4	331666	2337387	0.0490095981066618	86	0.0692904708964021	0.549633977679646	4676	0.204674814751815	1	1	0	-6.77846710400476	1	2005721
NET-007-T_2	chr4	2341194	3243218	0.0592094906296479	41	0.0298747180821477	0.524634816495384	1883	0.174824585291274	1	1	0	-6.73861460671313	1	902024
NET-007-T_2	chr4	3245057	3526786	0.0628491802534398	27	0.0657922137081234	0.577771069432618	729	0.251566930726041	1	1	0	-6.75784806042039	1	281729
NET-007-T_2	chr4	3589432	3891406	0.3918454186542	38	0.0580791202630198	0.794670196971223	118	0.371495594424493	2	1	1	-6.90933240475757	0	301974
NET-007-T_2	chr4	3891609	4425216	0.198809308770264	14	0.160123801691478	0.566129296316249	402	0.231238888085966	1	1	0	-7.19698156790869	1	533607
NET-007-T_2	chr4	5053674	8588685	0.0624528345810585	146	0.0571387938024911	0.525122567732748	3727	0.193600824981513	1	1	0	-6.74363404460842	1	3535011
NET-007-T_2	chr4	8588948	9370690	0.0627868726377227	14	0.0729940536491286	0.569504955110767	188	0.454793999996247	1	1	0	-6.74869841731523	1	781742
NET-007-T_2	chr4	9433637	20570708	0.441494195792198	151	0.0731918227256794	1.00251275252142	4312	0.300702919871533	2	1	1	-6.80167907083739	0	11137071
NET-007-T_2	chr4	20714924	25316886	0.0426375616003321	32	0.0268655365934056	0.53794925817191	1452	0.203437944871838	1	1	0	-6.91108214298628	1	4601962
NET-007-T_2	chr4	25370589	37636750	0.435100767626766	51	0.0778299201502111	0.996037845857391	2450	0.269822199356983	2	1	1	-6.76804611324892	0	12266161
NET-007-T_2	chr4	37666991	47538360	0.0548787369019897	113	0.0497747692598093	0.531184847417629	6475	0.179408786619054	1	1	0	-6.73488448625291	1	9871369
NET-007-T_2	chr4	47549120	48177954	0.436879636698177	47	0.0631759506462349	1.0328784795397	1057	0.321643653498957	2	1	1	-6.79756399962435	0	628834
NET-007-T_2	chr4	48343550	48851937	0.0410037048894146	17	0.0431405875495182	0.540505914206661	817	0.212513848948514	1	1	0	-6.8154736151413	1	508387
NET-007-T_2	chr4	49098849	49644685	0.32139407362279	132	0.125108138281122	1.38529329627403	352	0.963459839035785	3	2	1	-6.74547129043609	0	545836
NET-007-T_2	chr4	53463164	66960186	0.437632904927002	131	0.0782603188741011	1.00523586203131	4575	0.295341907543968	2	1	1	-6.77826393250049	0	13497022
NET-007-T_2	chr4	68265519	68312401	0.28762365855943	20	0.127088448272101	1.7306381066472	30	1.15584233154972	7	5	2	-6.74232714449704	0	46882
NET-007-T_2	chr4	68337975	69536084	0.431284097013526	85	0.0549537697225831	1.0190826060326	1640	0.299903093420088	2	1	1	-6.77796241405786	0	1198109
NET-007-T_2	chr4	69652334	70329209	0.196353596714179	14	0.168465211460786	0.974780301098366	744	0.327500679613863	2	2	0	-7.26860337452182	1	676875
NET-007-T_2	chr4	70346051	190395259	0.429005363078592	1325	0.0805161886702001	1.01247074716513	60042	0.2877867757644	2	1	1	-6.87775553145925	0	120049208
NET-007-T_2	chr4	190511249	191044226	0.31479038289952	93	0.114137577638857	1.03777493415935	273	0.524294904614718	3	2	1	-6.8966338960867	0	532977
NET-007-T_2	chr5	140532	491826	0.439508717396545	76	0.0595382274367972	1.0591078539027	1135	0.340433200602471	2	1	1	-6.82596051553363	0	351294
NET-007-T_2	chr5	711319	840506	0.302797378704215	27	0.092422123990141	1.12749139979238	237	0.519547896615545	3	2	1	-6.84140586676573	0	129187
NET-007-T_2	chr5	917594	45260838	0.431345262004639	441	0.0816754138791058	1.00658266775286	19770	0.288836060272695	2	1	1	-6.76600909494203	0	44343244
NET-007-T_2	chr5	51738863	180687212	0.433980435165752	2255	0.0790445720756492	1.01049020335638	88459	0.290689675435762	2	1	1	-6.8597242211947	0	128948349
NET-007-T_2	chr6	304470	407656	0.301785089457038	9	0.0980382578384581	1.09008110799278	193	0.339986453380568	3	2	1	-6.86353901931215	0	103186
NET-007-T_2	chr6	408246	32441276	0.432135500219853	1353	0.0705135143340598	1.01338503639751	30208	0.308932866607487	2	1	1	-6.79711017662373	0	32033030
NET-007-T_2	chr6	32485440	32610691	0.34524537068345	182	0.0968066220311975	1.29402620686341	317	0.568484465635789	3	2	1	-6.73971744268153	0	125251
NET-007-T_2	chr6	32610705	36978954	0.419768179772199	377	0.0845420635118995	1.04452106011208	8950	0.317983946164342	2	1	1	-6.78261199271939	0	4368249
NET-007-T_2	chr6	36989391	58778584	0.332760892281687	644	0.0844276121636863	1.45895085937738	21111	0.442634405371153	3	2	1	-6.73959917356853	0	21789193
NET-007-T_2	chr6	62390916	69666113	0.320779764719762	20	0.0699987029955029	1.37923517465709	1390	0.437474156267891	3	2	1	-6.86249023773919	0	7275197
NET-007-T_2	chr6	69684850	70916998	0.0433298543640852	11	0.0369217846510455	0.534316530206105	585	0.217922256212981	1	1	0	-6.81340431344978	1	1232148
NET-007-T_2	chr6	70918751	74072937	0.0539926841525398	43	0.0442754265905877	0.522577435190642	1818	0.204191119022094	1	1	0	-6.74453638029558	1	3154186
NET-007-T_2	chr6	74134849	88411890	0.0636376715391867	117	0.0738196668009402	0.528134868043075	7161	0.169893866315531	1	1	0	-6.74178997045466	1	14277041
NET-007-T_2	chr6	88851751	170903734	0.430028454111741	1230	0.0789385988815327	1.0120620620996	48756	0.291037742996956	2	1	1	-6.83255019352748	0	82051983
NET-007-T_2	chr7	205255	56754398	0.430164224222833	1279	0.0818594742868764	1.01726493106405	38230	0.301818560277677	2	1	1	-6.85646446897302	0	56549143
NET-007-T_2	chr7	57008610	57885941	0.290645842692557	38	0.124902886884991	1.00415340782622	420	0.40804258073505	3	2	1	-7.24713697585172	0	877331
NET-007-T_2	chr7	61083494	63325274	0.283206078600596	22	0.154450099816521	1.03933152076033	317	0.48779057883897	2	1	1	-7.15905759945891	0	2241780
NET-007-T_2	chr7	63392756	100549159	0.429473221008441	540	0.0849278823693259	0.995783116613525	27963	0.28359300501085	2	1	1	-6.75155971033236	0	37156403
NET-007-T_2	chr7	100549284	100615500	0.33225495048531	175	0.0958227215085601	1.55691966894059	369	0.737828205044817	3	2	1	-6.7358198866451	0	66216
NET-007-T_2	chr7	100634476	141957653	0.431878912974346	606	0.0706326890999849	1.00456977201838	30883	0.284497984512263	2	1	1	-6.76704511663321	0	41323177
NET-007-T_2	chr7	142008442	142139296	0.22435896281959	25	0.0638177874890692	1.21541358769286	203	0.552862686809108	5	4	1	-6.89149065653568	0	130854
NET-007-T_2	chr7	142139773	142162306	0.455297282019545	20	0.0643002823927662	1.23893038106104	64	0.398737934272844	2	1	1	-6.94589656624914	0	22533
NET-007-T_2	chr7	142168362	142479917	0.31717489495531	126	0.120518413530879	1.32351199404508	534	0.665022502085693	3	2	1	-6.75641501726419	0	311555
NET-007-T_2	chr7	142479940	151970931	0.434482844832612	337	0.0708233072308146	1.01186804090065	9955	0.290663400348088	2	1	1	-6.78007198948763	0	9490991
NET-007-T_2	chr7	151971043	152110708	0.314175281907254	19	0.118817541580082	0.904731335837195	94	0.377834768103868	3	2	1	-6.89327623679972	0	139665
NET-007-T_2	chr7	152111860	158902567	0.437138177014948	139	0.0763925691887288	1.00836604499712	4146	0.296455051941552	2	1	1	-6.77897135165115	0	6790707
NET-007-T_2	chr8	182934	42050914	0.434370399125769	964	0.0750950346190542	1.00920108322655	29256	0.298647931849493	2	1	1	-6.78967785006382	0	41867980
NET-007-T_2	chr8	42404040	43096922	0.313391151379276	31	0.10443082806079	1.07073107442364	958	0.472458056553305	3	2	1	-6.94898406990532	0	692882
NET-007-T_2	chr8	46849355	52731567	0.271058955169913	14	0.169743002251011	0.973697371673549	2023	0.28807787899527	2	1	1	-7.1750541990075	0	5882212
NET-007-T_2	chr8	52731975	146280802	0.438677617778845	1294	0.0712690055586237	1.01087029823699	51176	0.282713017331638	2	1	1	-6.87063848605725	0	93548827
NET-007-T_2	chr9	117800	1057318	0.0486701024552787	14	0.0462399380204155	0.531414337476584	874	0.178346722634039	1	1	0	-6.7518562613575	1	939518
NET-007-T_2	chr9	2058365	33649383	0.425484350611558	392	0.0806138119024922	1.01595320308281	14056	0.293894921149594	2	1	1	-6.79465283569077	0	31591018
NET-007-T_2	chr9	33794894	33799329	0.279112478383408	50	0.0729445554052207	1.46781225385498	108	0.696136259292856	11	8	3	-6.74343807506618	0	4435
NET-007-T_2	chr9	33900109	38572418	0.437725417677873	175	0.0624446410989001	1.00466841759914	8066	0.297662370524439	2	1	1	-6.80110506941157	0	4672309
NET-007-T_2	chr9	38575796	45729182	0.347853327459458	40	0.116834739740611	1.01378512678842	679	0.340426447549179	2	1	1	-6.94127486453443	0	7153386
NET-007-T_2	chr9	65973061	67320866	0.329204896718888	99	0.0952363138361535	1.31130825826313	288	0.71272224704979	3	2	1	-6.7594465685281	0	1347805
NET-007-T_2	chr9	67791153	69847189	0.319096985055941	241	0.105152149693015	1.08449828333865	624	0.565381784903477	3	2	1	-7.09069454253976	0	2056036
NET-007-T_2	chr9	70177655	139996619	0.432295656484034	1503	0.0791128128638894	1.01125697064053	65568	0.290867447485955	2	1	1	-6.81772832959049	0	69818964
NET-007-T_2	chr9	139996641	139998169	0.309320780056305	21	0.0821470226687086	1.3524546946867	51	0.534793330065319	13	9	4	-6.74040846573633	0	1528
NET-007-T_2	chr9	139998480	141070283	0.422884373211943	52	0.079040291289056	0.992549666238753	2919	0.253063084002722	2	1	1	-6.73728598241643	0	1071803
NET-007-T_2	chr10	323283	39138153	0.432650170635664	628	0.0672785763124196	1.0066541450519	22262	0.290230225229518	2	1	1	-6.77878482112959	0	38814870
NET-007-T_2	chr10	42356513	42946989	0.330247853081179	128	0.117591561536057	1.66722632263682	372	0.879252306176835	3	2	1	-6.7432399053216	0	590476
NET-007-T_2	chr10	42949664	46220202	0.451113036665871	69	0.0343052157271596	1.0190285723286	2489	0.306541441389876	2	1	1	-7.29113611627194	0	3270538
NET-007-T_2	chr10	46220437	49219202	0.350983601524238	112	0.101252817858051	1.05598175417271	1290	0.40455608615112	2	1	1	-7.00799229466251	0	2998765
NET-007-T_2	chr10	49393002	79590510	0.429934538359586	486	0.086773751996023	1.01138189815639	19976	0.295486807332376	2	1	1	-6.77345938366162	0	30197508
NET-007-T_2	chr10	79616460	79793688	0.462982208542001	5	0.0429441497761919	0.98909353096968	314	0.295684925179023	2	1	1	-7.36031324898009	0	177228
NET-007-T_2	chr10	80961519	98279732	0.0598870352747625	308	0.0598186749222433	0.529620313020073	13692	0.184961306017885	1	1	0	-6.73473575711663	1	17318213
NET-007-T_2	chr10	98561404	98989454	0.240854004861445	9	0.116554112373228	0.554932340725113	763	0.195121443769255	1	1	0	-7.96060350748133	1	428050
NET-007-T_2	chr10	99006083	124009124	0.0534450193436715	404	0.0581522083473663	0.535365316817082	22754	0.191026005787272	1	1	0	-6.77650232726853	1	25003041
NET-007-T_2	chr10	124034528	126676686	0.0460345044648589	71	0.0301807032571239	0.549461456631144	2621	0.239008753096701	1	1	0	-6.8449301561021	1	2642158
NET-007-T_2	chr10	126677308	126692000	0.354478572306688	23	0.0782067291869349	0.698865180901693	94	0.398882991526148	3	2	1	-6.78844103933323	0	14692
NET-007-T_2	chr10	126715629	127585012	0.165027932916378	9	0.113205565234223	0.530156709170201	744	0.17035126939508	1	1	0	-7.23628560781005	1	869383
NET-007-T_2	chr10	127585035	127585360	0.375781542307275	9	0.0924609527193927	1.32099453429441	16	0.480020676637997	8	5	3	-6.73528830226076	0	325
NET-007-T_2	chr10	127593797	135381766	0.0735063515991539	187	0.0668176711134153	0.527963726892041	5336	0.192686338111522	1	1	0	-6.77196549792495	1	7787969
NET-007-T_2	chr10	135439015	135501051	0.320337685062767	25	0.147674664945165	0.839843197353258	75	0.639933830475767	3	2	1	-6.77044328642504	0	62036
NET-007-T_2	chr11	193096	1011597	0.444883462576775	159	0.0515688972764438	1.01226860510381	3582	0.282573527697964	2	1	1	-6.90824643535751	0	818501
NET-007-T_2	chr11	1016655	1018390	0.30349589619298	60	0.0859823001099842	1.71857578762619	94	0.641111621561926	10	7	3	-6.73578600901005	0	1735
NET-007-T_2	chr11	1019194	1258295	0.356722167502482	79	0.0943077203700162	1.10582393973106	1047	0.327681696965652	3	2	1	-6.86170540771033	0	239101
NET-007-T_2	chr11	1261640	48346423	0.438506699189721	1213	0.0713832317136951	1.02154431641918	40409	0.299093629767058	2	1	1	-6.92876832407882	0	47084783
NET-007-T_2	chr11	48346427	51591346	0.347521752911293	163	0.0921084571908926	1.13491468752229	1473	0.469700022659862	2	1	1	-7.19165374007719	0	3244919
NET-007-T_2	chr11	55110440	55110690	0.170956465416665	14	0.123032493697781	2.2022840994298	19	0.646327429557829	12	10	2	-6.73336482891522	0	250
NET-007-T_2	chr11	55110715	56469008	0.336439463441671	101	0.0826923787597775	1.10987161337328	1591	0.382731700222076	3	2	1	-7.14342578114443	0	1358293
NET-007-T_2	chr11	57259015	60973324	0.432962093817013	137	0.0750894921923073	1.00542376755489	5635	0.312901113807009	2	1	1	-6.76177452453344	0	3714309
NET-007-T_2	chr11	60973368	61253293	0.1858303646578	9	0.198465432198602	1.00126712810322	1143	0.310468794304443	2	2	0	-7.0808560293596	1	279925
NET-007-T_2	chr11	61404336	134856661	0.435199993762362	2030	0.0721011515062546	1.01340931503775	77235	0.288747567790339	2	1	1	-6.86470820046723	0	73452325
NET-007-T_2	chr12	92252	34320002	0.427325768715993	1133	0.0791776370583047	1.01933918557587	33536	0.298274568665059	2	1	1	-6.82737535545793	0	34227750
NET-007-T_2	chr12	37969194	42475888	0.431972154879649	68	0.0955882714932058	1.01666002597863	2770	0.29006507460811	2	1	1	-6.75710754219958	0	4506694
NET-007-T_2	chr12	42478223	42479178	0.260462367815372	16	0.0619937832904773	1.38255591944834	36	0.546051758550298	4	3	1	-6.73427491313732	0	955
NET-007-T_2	chr12	42481732	50611020	0.424437116651938	168	0.0862497994691511	1.00684250589634	10742	0.283697241798514	2	1	1	-6.740695901711	0	8129288
NET-007-T_2	chr12	50611311	50745863	0.289242574793909	9	0.118934972896023	0.995846262983912	133	0.277886278293306	3	2	1	-6.98872573540508	0	134552
NET-007-T_2	chr12	51139279	58217228	0.437164027291496	394	0.0704733401747443	1.01229641143668	19964	0.287911859686785	2	1	1	-6.79093982658893	0	7077949
NET-007-T_2	chr12	58217231	58217774	0.24782458299389	11	0.0303309023334888	1.85720207460312	21	0.829581153640914	20	15	5	-6.74446000552039	0	543
NET-007-T_2	chr12	58217780	133812415	0.428023007046623	1430	0.0808603072515048	1.00735569274541	63089	0.287735274877827	2	1	1	-6.77409525492594	0	75594635
NET-007-T_2	chr13	19296029	19385612	0.357360818079479	14	0.0925224356515818	0.744068470723789	43	0.353200495830211	3	2	1	-6.95123258793075	0	89583
NET-007-T_2	chr13	19713634	19990638	0.0562736357767022	14	0.0275170276953528	0.547766539644854	281	0.248310710138931	1	1	0	-6.73621857629386	1	277004
NET-007-T_2	chr13	20067081	20371403	0.361282589337216	9	0.0931612997857897	0.546175571360069	360	0.180806363618758	2	1	1	-8.49628227074159	0	304322
NET-007-T_2	chr13	20715539	21549235	0.0484288368233585	15	0.0521810036589671	0.528136569358135	781	0.193655002420729	1	1	0	-6.74876750610813	1	833696
NET-007-T_2	chr13	21727828	21742311	0.438676876621608	12	0.0465087153774495	0.679445027735568	77	0.203186961236882	2	1	1	-6.89560572114701	0	14483
NET-007-T_2	chr13	22105506	24879312	0.0504009222594482	35	0.0352531779364903	0.55270433963815	1357	0.198940799091439	1	1	0	-6.8261098060876	1	2773806
NET-007-T_2	chr13	25064748	30440177	0.401504522705854	127	0.0906340729698391	1.02830457521957	4665	0.295991278002509	2	1	1	-6.77834693819664	0	5375429
NET-007-T_2	chr13	30780883	33101731	0.0525060754275897	23	0.0456239570241935	0.531356846248514	2059	0.167436640618617	1	1	0	-6.73877919319295	1	2320848
NET-007-T_2	chr13	33923314	36521460	0.425851310336722	17	0.0707707566725127	0.990785628786713	875	0.283663192065615	2	1	1	-6.74474900922366	0	2598146
NET-007-T_2	chr13	37268952	38933514	0.0356525246741235	28	0.0277075381793055	0.549027295236285	963	0.232891841525729	1	1	0	-7.08783471117423	1	1664562
NET-007-T_2	chr13	39261151	47469940	0.439012646101637	145	0.0668307413433799	1.02459739413738	5973	0.295744027766506	2	1	1	-6.83236107597481	0	8208789
NET-007-T_2	chr13	48650078	61060085	0.0381715634915674	52	0.0554181825964422	0.531536232496698	5016	0.163225613438945	1	1	0	-6.8027400898073	1	12410007
NET-007-T_2	chr13	61986319	73317842	0.028014205887307	17	0.0650764256583795	0.620678528521468	822	0.306162347714958	1	1	0	-8.26434151381479	1	11331523
NET-007-T_2	chr13	73468005	76383408	0.433894615422508	26	0.05372077380736	1.01392788173131	988	0.26126924901964	2	1	1	-6.79891572697774	0	2915403
NET-007-T_2	chr13	77167094	84481182	0.0723235148908832	30	0.0772184243394753	0.514125553401399	2270	0.173044436793359	1	1	0	-6.88958959483175	1	7314088
NET-007-T_2	chr13	86367009	115064542	0.433992533784904	312	0.0784623845089768	0.999343956873908	12053	0.289149445151821	2	1	1	-6.76218835455332	0	28697533
NET-007-T_2	chr14	19012551	20148108	0.326200402957811	62	0.127653153523296	1.01886268542519	484	0.436953050680758	2	1	1	-7.02150770853197	0	1135557
NET-007-T_2	chr14	20248828	106494269	0.436177861349418	1806	0.076897317941645	1.01129851812162	76411	0.289937889920606	2	1	1	-6.84807210966694	0	86245441
NET-007-T_2	chr14	106573311	107183367	0.336005057639329	139	0.10170655502167	1.06650769437766	875	0.479901713983883	3	2	1	-6.89272186781089	0	610056
NET-007-T_2	chr15	20083754	21936992	0.348191728127539	71	0.102000923181998	0.997209628204321	664	0.370963022517482	2	1	1	-6.99208920101216	0	1853238
NET-007-T_2	chr15	21937553	74623302	0.426794939033147	942	0.0867996023116511	1.00354136126084	54411	0.279616979269153	2	1	1	-6.74621496251797	0	52685749
NET-007-T_2	chr15	74625463	74656642	0.188403595668981	11	0.212497743303525	1.0822819790577	135	0.354460299036642	5	4	1	-6.83192886754327	0	31179
NET-007-T_2	chr15	74703929	102516492	0.435135726188404	652	0.069794987287682	1.008016624785	25001	0.293360755871578	2	1	1	-6.78702927733856	0	27812563
NET-007-T_2	chr16	79609	31634148	0.432374039623908	1122	0.0723922380994221	1.00443033745309	41297	0.289950541302074	2	1	1	-6.76549468328581	0	31554539
NET-007-T_2	chr16	31634221	35037294	0.325702892446654	322	0.110641716252079	1.02248441176811	1881	0.442066116901685	2	1	1	-7.11868315544357	0	3403073
NET-007-T_2	chr16	46403723	70014459	0.430286302838885	344	0.0910766854527539	1.0106729772074	20843	0.280886636360869	2	1	1	-6.76656052974432	0	23610736
NET-007-T_2	chr16	70161414	70288002	0.28316087506357	19	0.11417287087765	1.05376465664737	261	0.423478648242437	4	3	1	-6.9160085619506	0	126588
NET-007-T_2	chr16	70303580	88928417	0.428922537129074	807	0.0712983755064627	1.0145519602842	15703	0.317594018977775	2	1	1	-6.77370327237963	0	18624837
NET-007-T_2	chr16	88928961	90244341	0.357148773283134	21	0.15413343013673	0.988522475701375	3059	0.264660377757939	2	1	1	-6.82272661013495	0	1315380
NET-007-T_2	chr17	131709	21318586	0.419791971590323	1128	0.0798265446339128	1.01295992452868	34699	0.299208748123353	2	1	1	-6.75739333099287	0	21186877
NET-007-T_2	chr17	21318595	22253295	0.318451266551331	197	0.0944571699026979	1.28092829691538	659	0.59559667652419	3	2	1	-6.78976384892633	0	934700
NET-007-T_2	chr17	22253302	22261117	0.258419749805348	12	0.132676526205884	1.15059909691443	39	0.553833571419528	4	3	1	-6.73720795189441	0	7815
NET-007-T_2	chr17	25265017	25327864	0.263789444840526	10	0.171385238570887	1.06095226094454	31	0.484743696826378	4	3	1	-6.79162756285787	0	62847
NET-007-T_2	chr17	25327871	41109197	0.42616730786127	504	0.0931035246538808	0.995320402372856	28460	0.285837135642575	2	1	1	-6.74180226181503	0	15781326
NET-007-T_2	chr17	41116665	41466108	0.350835332382441	20	0.113500231856939	0.963984431270571	917	0.291859966627677	2	1	1	-6.93176304470626	0	349443
NET-007-T_2	chr17	41522213	45198400	0.419920706179788	105	0.0928899532058952	1.00526810254673	5880	0.295942118930785	2	1	1	-6.73445512601391	0	3676187
NET-007-T_2	chr17	45214245	45234331	0.299062271709379	51	0.117610417038961	1.10336830864969	91	0.596122147221368	7	5	2	-6.77855843845798	0	20086
NET-007-T_2	chr17	45234626	81083455	0.435348703547936	1132	0.0766411315553624	1.00503045993241	42900	0.291574664757904	2	1	1	-6.77478422721203	0	35848829
NET-007-T_2	chr18	48104	112375	0.293712059557633	47	0.155899013186978	1.69041982309585	125	1.00524694914941	7	5	2	-6.7512739230921	0	64271
NET-007-T_2	chr18	121139	15004360	0.423192703736442	259	0.0913563561430073	1.01086097286427	8948	0.298797905153189	2	1	1	-6.74772653098996	0	14883221
NET-007-T_2	chr18	18511140	18520301	0.323677856245854	132	0.114815434873218	1.73909514677246	221	0.885204352323391	6	4	2	-6.74102021278895	0	9161
NET-007-T_2	chr18	18529837	77926862	0.437553814386475	695	0.071707802099115	1.0113534461084	26123	0.294817904522058	2	1	1	-6.83525414377009	0	59397025
NET-007-T_2	chr19	311989	8993018	0.434725645266087	744	0.0672929335446841	1.01432566110788	19072	0.322739142367023	2	1	1	-6.78597033051468	0	8681029
NET-007-T_2	chr19	8999331	9021118	0.299894216659467	17	0.101758147527534	0.981187111250085	269	0.329675753425904	3	2	1	-6.83777257170453	0	21787
NET-007-T_2	chr19	9024758	21476107	0.437360603295677	656	0.0713962102607804	0.997369216383681	27374	0.285121523917907	2	1	1	-6.78359132826004	0	12451349
NET-007-T_2	chr19	21567531	22153634	0.316585719033425	30	0.0755713866669034	0.934473595681195	524	0.260733236868125	2	1	1	-7.65891927178351	0	586103
NET-007-T_2	chr19	22153801	24115369	0.402234980743467	108	0.075844685512738	0.89741528609763	1837	0.268168542310987	2	1	1	-6.94056612327567	0	1961568
NET-007-T_2	chr19	27732058	29704010	0.326913075179337	34	0.1003897795751	1.17770309912394	209	0.675160613056547	3	2	1	-6.86594803192414	0	1971952
NET-007-T_2	chr19	30017759	55250036	0.432699820760003	1653	0.0755808037527299	1.00649367436725	51204	0.294273050088544	2	1	1	-6.76718016162063	0	25232277
NET-007-T_2	chr19	55250061	55378669	0.341122367331828	175	0.102156071073348	1.23040860107977	721	0.61485749117223	3	2	1	-6.73987843817916	0	128608
NET-007-T_2	chr19	55385522	59082605	0.433376334816952	297	0.0840827672752375	0.992584099698681	9070	0.292964546091043	2	1	1	-6.75802667809672	0	3697083
NET-007-T_2	chr20	76962	25733334	0.434728452764221	548	0.0715143315498498	1.00933242543761	18103	0.299503438660265	2	1	1	-6.78577589140111	0	25656372
NET-007-T_2	chr20	25733418	26318084	0.340122200300669	116	0.111337291613134	1.08731764240046	317	0.479546929441777	3	2	1	-6.8687566752473	0	584666
NET-007-T_2	chr20	29449453	29648798	0.317595211220655	133	0.114323981119099	1.21933098245051	287	0.615465314992029	3	2	1	-6.76404575555312	0	199345
NET-007-T_2	chr20	29648807	29649468	0.227846995235739	9	0.114633958513367	0.450941518653722	13	0.360554203044887	9	7	2	-6.74857312344722	0	661
NET-007-T_2	chr20	29649522	29873957	0.328267060841007	29	0.0712255489114264	1.08367898558308	102	0.528787341851475	3	2	1	-6.78983459334671	0	224435
NET-007-T_2	chr20	29965014	57613373	0.433604168429921	734	0.0797829761668279	1.00284261591901	30260	0.291095722756511	2	1	1	-6.76148487026161	0	27648359
NET-007-T_2	chr20	57617698	58578068	0.262923002402958	9	0.207016907522067	0.970694172490016	942	0.29521227900771	2	1	1	-7.05284148552518	0	960370
NET-007-T_2	chr20	58587841	62872290	0.440691244428439	217	0.068913904993235	1.02250666242826	6833	0.287896061275188	2	1	1	-6.82032414616724	0	4284449
NET-007-T_2	chr21	9426851	11186897	0.355783417025907	298	0.0998403166002449	0.93010973458689	1129	0.529775729718783	2	1	1	-6.96801837491359	0	1760046
NET-007-T_2	chr21	14414855	14756483	0.357264765587239	12	0.134264635791568	0.87962512062889	81	0.429148715194496	2	1	1	-6.8665368014454	0	341628
NET-007-T_2	chr21	14756973	48084747	0.431844844099769	853	0.0669173503586999	1.01013014135665	24637	0.295876294582691	2	1	1	-6.78680270926044	0	33327774
NET-007-T_2	chr22	16157883	18721394	0.410505282564123	125	0.0886045036356286	1.01270559455156	2773	0.315530478827419	2	1	1	-6.73840384782827	0	2563511
NET-007-T_2	chr22	18721424	18884032	0.335196893583433	33	0.119479957429155	0.804358257431189	72	0.39974792428904	3	2	1	-6.94764145684165	0	162608
NET-007-T_2	chr22	18884091	51220938	0.436277000007775	1612	0.0741103153480419	1.01368268311288	46901	0.304428661252295	2	1	1	-6.81311048427345	0	32336847
NET-007-T_2	chrX	9000221	49845369	0.0546758486354032	22	0.132543091089921	0.966898509884536	19417	0.305311713017197	2	2	0	-7.03738910935699	1	40845148
NET-007-T_2	chrX	51075841	57010733	0.260838852418515	16	0.147208568025098	0.970023416336157	3695	0.310757029416425	2	1	1	-7.37371968226496	0	5934892
NET-007-T_2	chrX	65175892	122387245	0.119322050208089	26	0.180838750952759	0.974848331872745	22029	0.300998795640159	2	2	0	-7.11151883070043	1	57211353
NET-007-T_2	chrX	128885575	140993926	0.362405954589727	31	0.125044714583069	0.981325172713528	5622	0.295445858578513	2	1	1	-6.87341830148299	0	12108351
NET-007-T_2	chrX	148584340	154287416	0.0482993522130083	14	0.140049696830866	0.986062800226262	6858	0.319787326092853	2	2	0	-6.74958036074081	1	5703076
NET-007-T_2	chrY	5608178	10037922	0.303356588575587	131	0.119276642966056	0.966231085663658	598	0.483788854651836	2	1	1	-7.24430061016776	0	4429744
NET-007-T_2	chrY	13299881	59032064	0.282360129501546	288	0.148338117998235	1.04495464258803	2349	0.545680208820831	2	1	1	-7.36167570980208	0	45732183
